-0.0023505739542351717 0.002335982630386077 0.0005055138149490102
-0.0023437669269222167 0.0023295639682048286 0.0005106032864290178
-0.0023437669269222167 0.0023295639682048286 0.0005106032864290178
-0.0023472141651416437 0.0023309157701495303 0.0005109008824495942
-0.002358207049414307 0.0023468184588046476 0.0005257202184521803
-0.0023435060017821807 0.002426057746000021 0.00039497135466612376
-0.002350676878102101 0.0025225358375890877 0.0005249133903454661
-0.0023730197892437507 0.0025313029746293625 0.0005269203216381746
-0.0023730197892437507 0.0025313029746293625 0.0005269203216381746
-0.002356479989316658 0.0024761756249762484 0.0005981852202182614
-0.002356479989316658 0.0024761756249762484 0.0005981852202182614
-0.0023368527402557113 0.0025169713508611247 0.0005237191079614234
-0.0023657166553449627 0.002442805442052637 0.00039922891116761505
-0.0024145389780748025 0.002395685129819386 0.0005049888183168705
-0.0024145389780748025 0.002395685129819386 0.0005049888183168705
-0.002387738585081886 0.0023667341404696174 0.0005303877665336354
-0.0023591332254723277 0.0023438248081731478 0.0005185013040633901
-0.00231379574337285 0.0023740273586526084 0.00044083781467801897
-0.00231379574337285 0.0023740273586526084 0.00044083781467801897
-0.0023705174297078274 0.002403839259617249 0.0004346768923169375
-0.002362947137350316 0.002400784591261848 0.0004360446442762955
-0.0024148153343094766 0.0023694419991653476 0.0005198774235785353
-0.0024250691930272766 0.002373861334809782 0.0005184608663568735
-0.0024250691930272766 0.002373861334809782 0.0005184608663568735
-0.0024196280509502996 0.0023573742441257567 0.0004992430219862842
-0.0024196280509502996 0.0023573742441257567 0.0004992430219862842
-0.0024151192473869515 0.0023906548575484826 0.0005495734518551065
-0.0023467791220030815 0.002459537853082311 0.00039762842071153215
-0.0024003022882182964 0.0024440709059094373 0.00033678316000809727
-0.0024167699549537333 0.0024065289103966797 0.0004049209847369617
-0.002365622723092889 0.0024020905642636453 0.00043592192650229733
-0.002391085628607688 0.002367659914668349 0.0005063687179003296
-0.0024089696018748594 0.0023820587349868277 0.0005136962409173773
-0.002333090642705045 0.002392878362540554 0.00044430241552606553
-0.002333090642705045 0.002392878362540554 0.00044430241552606553
-0.0023604768507008433 0.0024367585292236482 0.0003968124793953809
-0.002393741456089983 0.002426798531015961 0.00035847645999576017
-0.002405077720822997 0.002342631952837404 0.0004944147178442826
-0.0023539311493513335 0.0023381938258140444 0.0005254039701677593
-0.002338333390641309 0.0023794163116797606 0.0004506210763937646
-0.0023408681215802973 0.0023770611676512537 0.0004454167701264944
-0.0023446353865263503 0.0023794229045590726 0.00044526496741140176
-0.0023394253498109363 0.002380472178873244 0.0004505901519617217
-0.0023394253498109363 0.002380472178873244 0.0004505901519617217
-0.0023394253498109363 0.002380472178873244 0.0004505901519617217
-0.0023394253498109363 0.002380472178873244 0.0004505901519617217
-0.0023421008451051245 0.002381778109580873 0.0004504677624907194
-0.0023421008451051245 0.002381778109580873 0.0004504677624907194
-0.0023649399284808373 0.0024310477963915833 0.00039149241609387486
-0.0023649399284808373 0.0024310477963915833 0.00039149241609387486
-0.002360654272268274 0.002348187579464589 0.0005148457926555383
-0.002360654272268274 0.002348187579464589 0.0005148457926555383
-0.00235720697080026 0.002346835747347842 0.0005145468948694332
-0.00235720697080026 0.002346835747347842 0.0005145468948694332
-0.0023415882617120326 0.002369649854456632 0.0004676134334456461
-0.0023415882617120326 0.002369649854456632 0.0004676134334456461
-0.0023540682558394824 0.0023493620510877805 0.0005085970228281556
-0.0023540682558394824 0.0023493620510877805 0.0005085970228281556
-0.002312348028830083 0.002373630297752352 0.00044237936348243134
-0.002312348028830083 0.002373630297752352 0.00044237936348243134
-0.0023471762346472178 0.00234657854719357 0.0005080009326033641
-0.0023471762346472178 0.00234657854719357 0.0005080009326033641
-0.002384406394113907 0.0023540074107931547 0.0005224017073665321
-0.002384406394113907 0.0023540074107931547 0.0005224017073665321
-0.002384406394113907 0.0023540074107931547 0.0005224017073665321
-0.002384406394113907 0.0023540074107931547 0.0005224017073665321
-0.002345868120568889 0.0024311350030739726 0.00037842262535336957
-0.002345868120568889 0.0024311350030739726 0.00037842262535336957
-0.002345868120568889 0.0024311350030739726 0.00037842262535336957
-0.002345868120568889 0.0024311350030739726 0.00037842262535336957
-0.002345868120568889 0.0024311350030739726 0.00037842262535336957
-0.002345868120568889 0.0024311350030739726 0.00037842262535336957
-0.002345868120568889 0.0024311350030739726 0.00037842262535336957
-0.002345868120568889 0.0024311350030739726 0.00037842262535336957
-0.002345868120568889 0.0024311350030739726 0.00037842262535336957
-0.002345868120568889 0.0024311350030739726 0.00037842262535336957
-0.002345868120568889 0.0024311350030739726 0.00037842262535336957
-0.002345868120568889 0.0024311350030739726 0.00037842262535336957
-0.002345868120568889 0.0024311350030739726 0.00037842262535336957
-0.002345868120568889 0.0024311350030739726 0.00037842262535336957
-0.002345868120568889 0.0024311350030739726 0.00037842262535336957
-0.002345868120568889 0.0024311350030739726 0.00037842262535336957
-0.002345868120568889 0.0024311350030739726 0.00037842262535336957
-0.002345868120568889 0.0024311350030739726 0.00037842262535336957
-0.002345868120568889 0.0024311350030739726 0.00037842262535336957
-0.002345868120568889 0.0024311350030739726 0.00037842262535336957
-0.002345868120568889 0.0024311350030739726 0.00037842262535336957
-0.002345868120568889 0.0024311350030739726 0.00037842262535336957
-0.002345868120568889 0.0024311350030739726 0.00037842262535336957
-0.002345868120568889 0.0024311350030739726 0.00037842262535336957
-0.0023505040423173473 0.002529958930926557 0.0005135578315769718
-0.0023505040423173473 0.002529958930926557 0.0005135578315769718
-0.002349961183945988 0.0025152321073758227 0.0004930981347537888
-0.0023765527125868754 0.002450844963074683 0.00038413452822627647
-0.0023765527125868754 0.002450844963074683 0.00038413452822627647
-0.0023765527125868754 0.002450844963074683 0.00038413452822627647
-0.0023892549022796056 0.002439008104427237 0.0003580022128794602
-0.0023892549022796056 0.002439008104427237 0.0003580022128794602
-0.002376424046031715 0.002447235065893519 0.00037911621530656303
-0.002350899765902123 0.002436616542722453 0.0003823644752910804
-0.002350899765902123 0.002436616542722453 0.0003823644752910804
-0.002350899765902123 0.002436616542722453 0.0003823644752910804
-0.002353308987036791 0.002430505906350078 0.0003719325540419427
-0.002327667903703881 0.0024195427215531473 0.0003751874772466579
-0.002325120655337687 0.002421919988765217 0.00038043313691740743
-0.0023507617386705967 0.0024328831735621476 0.0003771782137126922
-0.0023514363428388044 0.002451285728995306 0.0004027470111136189
-0.0023641591235359083 0.0024565927610349647 0.0004011182293723603
-0.002361621279311124 0.002458955475297786 0.0004063361847499447
-0.0023350297506702367 0.0025233426195989256 0.0005152997912774571
-0.0023494382539293937 0.0024354452858628 0.0006573485992517891
-0.0023494382539293937 0.0024354452858628 0.0006573485992517891
-0.0023459284003058897 0.00244850156187143 0.0005513593428214947
-0.0023725181828785427 0.002384113557113862 0.0004423953079825682
-0.002362995415406223 0.0023900410207039063 0.0004587300993989518
-0.0023502725940454175 0.0023847339536104684 0.00046035758008677874
-0.002367060330816212 0.0024498462261751397 0.0004155145172550778
-0.002379783111513316 0.0024551532582147984 0.00041388573551381924
-0.0023487148469331434 0.0024546549054541567 0.00039336685902391366
-0.0023487148469331434 0.0024546549054541567 0.00039336685902391366
-0.0023615211718997983 0.0024441316642250105 0.0004074105221890667
-0.0023615211718997983 0.0024441316642250105 0.0004074105221890667
-0.002410810859238506 0.002379856909633396 0.00048680032816750263
-0.0023724488003371916 0.002363587567453543 0.000491684649838009
-0.0023493030412571683 0.002392870070132544 0.00048264331560521345
-0.0023749405657928074 0.002403831539301418 0.0004793884862975828
-0.002365743503165464 0.0024451157606858592 0.0004115227755926987
-0.002365743503165464 0.0024451157606858592 0.0004115227755926987
-0.002360714109550889 0.0024143817969414366 0.00045417258074656464
-0.002373436890247993 0.0024196888289810953 0.00045254379900530606
-0.002386147360556083 0.0024078376035994165 0.00042639276033656914
-0.0023989488599885714 0.0024131490947308237 0.00042477328209331033
-0.0023860557737886492 0.002413958928830298 0.00044640668366321967
-0.002373254274356161 0.002408647437698891 0.0004480261619064785
-0.00237776990910208 0.0023625236629424146 0.0005217283196434219
-0.00237776990910208 0.0023625236629424146 0.0005217283196434219
-0.00239819763901665 0.0024158357776233597 0.00043326760775244666
-0.00237255655568374 0.002404872592826429 0.00043652253095716187
-0.002367477968264496 0.002409597135669239 0.0004469563533182619
-0.002393119051597406 0.0024205603204661696 0.0004437014301135467
-0.0023426353949953516 0.002482799341234923 0.0003156865239093143
-0.0023426353949953516 0.002482799341234923 0.0003156865239093143
-0.002375091380552495 0.002361234763900516 0.0005218772737549948
-0.002375091380552495 0.002361234763900516 0.0005218772737549948
-0.0023664132545438282 0.0023940560245068188 0.0004751674535081185
-0.0023664132545438282 0.0023940560245068188 0.0004751674535081185
-0.0023527746848334974 0.0024339139248458763 0.0003957654892409457
-0.0023527746848334974 0.0024339139248458763 0.0003957654892409457
-0.0023549368625007255 0.002480461428086597 0.00032755425189137655
-0.0023549368625007255 0.002480461428086597 0.00032755425189137655
-0.0023549368625007255 0.002480461428086597 0.00032755425189137655
-0.0023549368625007255 0.002480461428086597 0.00032755425189137655
-0.0023549368625007255 0.002480461428086597 0.00032755425189137655
-0.0023549368625007255 0.002480461428086597 0.00032755425189137655
-0.0023456289722151996 0.0024861160120027426 0.0003216235282725577
-0.0023456289722151996 0.0024861160120027426 0.0003216235282725577
-0.0023930611913253116 0.00234827225507947 0.0004902802805070716
-0.0024058626907578 0.002353583746210877 0.0004886608022638128
-0.002384973214830159 0.002369023721328037 0.0005250595913997569
-0.002372171715397671 0.0023637122301966296 0.0005266790696430157
-0.002375618953617098 0.0023650640321413313 0.0005269766656635921
-0.002375618953617098 0.0023650640321413313 0.0005269766656635921
-0.0024116849184565234 0.002358869031714797 0.0005083766781635024
-0.0024116849184565234 0.002358869031714797 0.0005083766781635024
-0.002403799533184675 0.0023587043559732956 0.0005139543234272126
-0.002403799533184675 0.0023587043559732956 0.0005139543234272126
-0.0023909054470635377 0.002366857564928909 0.000535002029430437
-0.002378184430893132 0.002361551372454737 0.0005366301272633212
-0.002375113091278691 0.0023824626006558325 0.0005029007910963834
-0.002375113091278691 0.0023824626006558325 0.0005029007910963834
-0.0023486261239143436 0.0024556857836714047 0.00031924325012389065
-0.002374152168760517 0.00246630514655799 0.0003159943059429793
-0.002365989621755722 0.002458737361291624 0.0003112931338754843
-0.002314822493576639 0.0024371548136081084 0.0003177970012611109
-0.0023152240043600794 0.0024481660052288884 0.0003330970936034072
-0.0023279485497737645 0.0024534738769840664 0.00033146762766575466
-0.002342564106560696 0.002377945895647174 0.0004565400767286565
-0.002342564106560696 0.002377945895647174 0.0004565400767286565
-0.002338144706208592 0.002389179705031455 0.00047793653450864393
-0.0023637824202874733 0.0024001412648410186 0.00047468560924637804
-0.0023867858068126815 0.0023825082910251816 0.0004327544222827995
-0.002399419174817667 0.0023949802276594656 0.00042017680996495055
-0.002406040562502071 0.0023903467985274124 0.0004105805543334895
-0.0024190667260329257 0.0023513720920452924 0.0004784273504131742
-0.0023996988849331116 0.002381364885489151 0.0004206142778553912
-0.002399025747353553 0.002410382121709728 0.0003762110613836911
-0.0024287745542628386 0.002384523072373232 0.0004349220150182409
-0.0024102590866771634 0.0023994377466415584 0.0003997989886142528
-0.0023498473130694614 0.002470571966069271 0.00031401708907100034
-0.0023305947829178053 0.002410365821578428 0.0003984038305351878
-0.0023594416817978095 0.0023857487919528436 0.0004560782409063213
-0.002410270753688451 0.002421899826527657 0.000427288329349379
-0.002406628193710028 0.002433128570397264 0.0004503008322603863
-0.0023781311045726547 0.0024177534053870103 0.00045873865526599444
-0.0023651195504800562 0.002412313196830898 0.0004579662827811637
-0.0023194624428660715 0.0024836547901726097 0.0005456985875161302
-0.0023010846943898045 0.00254812632732547 0.0004258565007659032
-0.002309714383867144 0.0025696582320779565 0.00039909832060222583
-0.0023400621375197564 0.0025031740740492775 0.0005091143374333085
-0.0023793756875355246 0.002444094228171406 0.0003985229765453291
-0.002379247179677406 0.00244048441552433 0.00039350514120331526
-0.002382624906072002 0.0024234532819943505 0.0004215787033546303
-0.002414780564678344 0.0023915637353648933 0.0004698611995165025
-0.0023997035809524975 0.002359681885147444 0.0005101383293737716
-0.0023646509191275755 0.002346208148912274 0.0005080595127921195
-0.0023646509191275755 0.002346208148912274 0.0005080595127921195
-0.0023650488523009813 0.0023572174353642394 0.0005233551168264683
-0.0023747154763275186 0.0023613427766897843 0.0005214493537069598
-0.002367425401036148 0.0023475499261758626 0.000505557450499905
-0.002344730620517377 0.0023823985162166605 0.0004396266043018848
-0.0023465478376129972 0.00242030092693718 0.0003826885144294079
-0.0023465478376129972 0.00242030092693718 0.0003826885144294079
-0.002344810188100316 0.0024447482660577835 0.0004185968214577007
-0.0023437447263209565 0.0025197548290401967 0.0005243138973655415
-0.0023437447263209565 0.0025197548290401967 0.0005243138973655415
-0.0023557485209970766 0.0025243864175911596 0.0005254272568238072
-0.0023887681847978015 0.002509743788721583 0.00048569793465635946
-0.0023905533440169782 0.0024354130473011326 0.0003772419609550659
-0.002382306661300397 0.0023944471414718838 0.00043266624361634753
-0.0023955047719083147 0.0023481823923554718 0.0005116624470011821
-0.002382615653614785 0.0023395059628370796 0.0005071699720744782
-0.002321967607875293 0.002332710793085363 0.0004848572641708293
-0.0023069527308489865 0.002354281208275119 0.0005264695811297293
-0.0023543699518879455 0.002377629206579329 0.0005169624702804076
-0.0023670702194849846 0.002402487381585744 0.00043437895865680587
-0.00236647187302369 0.0024279360036990466 0.0003954408214705274
-0.0023892867820835967 0.002399295085357231 0.0004535518538137384
-0.0023640069287820184 0.002349431829590895 0.0005030779207194358
-0.0023820375152896964 0.0023807481056811464 0.0004434730201265391
-0.0024000819529813033 0.0023473388859483607 0.0004965656011825526
-0.002411775244047794 0.0023999725336032868 0.0004225297106945358
-0.0024101496708652803 0.0024364442766913463 0.00036529322941786235
-0.0024101496708652803 0.0024364442766913463 0.00036529322941786235
-0.0023280156779349193 0.0025836016481900065 0.0006332883049090521
-0.0023304125956211327 0.0025775871137729833 0.0006230021974331645
-0.0023451832141805073 0.0024755841253401856 0.0005650406643812889
-0.002322366089744704 0.002504228822797161 0.0005069223223277131
-0.0023226169384036044 0.002493365922713389 0.0005235400426941983
-0.0023539556529751787 0.002430952845446907 0.0006394588259799328
-0.0023541274029703144 0.002423662822561068 0.0006506134549369436
-0.0023565509575842677 0.0024014124853706104 0.0006119716055947855
-0.00235695274287432 0.0023986173048519688 0.0004520496887022718
-0.00237466047455831 0.0023760206395292555 0.0004968107276323852
-0.002376884533974659 0.0024250628427689297 0.0004552311059967118
-0.002354339688458912 0.0024228954814976417 0.00044514508721205104
-0.0023966749098127127 0.002446316109650154 0.00036334851176181293
-0.0023966749098127127 0.002446316109650154 0.00036334851176181293
-0.002388830821040161 0.002391879274473596 0.00048323774729380764
-0.0023921149559617966 0.0023785758313309563 0.0005056039934721313
-0.002409301758788049 0.00238955888700626 0.0005025763630578384
-0.002377836628761537 0.0024483620629138503 0.0003816097235704585
-0.002377836628761537 0.0024483620629138503 0.0003816097235704585
-0.002372889779223862 0.002456688351470046 0.00039704711094556977
-0.0023486881365788123 0.0025261996647819723 0.00048047246276974875
-0.0024522764498538033 0.0024460174002253615 0.000436886560250177
-0.002429331480366656 0.0024709976046208143 0.00037367431735946255
-0.0024169032941333685 0.002484519975758867 0.00034478643369209583
-0.0024100429914733837 0.002426448301414433 0.000489552839956886
-0.0023318211151267393 0.002457722942342741 0.0006243517828546652
-0.002336141242725666 0.002441530274878534 0.000620060694923763
-0.0023169030845907324 0.0025154277688196475 0.0005172194892840709
-0.0023326128343713615 0.002512223116875309 0.0005010967983684611
-0.0023380303454754656 0.0024958468340275236 0.0004956124277196439
-0.0023517968698979763 0.002396525037138997 0.00043472523505119764
-0.002377483458700265 0.0024299647145553382 0.00040907280913038413
-0.00233886251031077 0.0023315902296647956 0.0005062441599260059
-0.002328447395259274 0.002450077675769907 0.0003244037849046144
-0.0023437447263209565 0.0025197548290401967 0.0005243138973655415
-0.002370425660624606 0.0024936311019662927 0.0005821874477032474
-0.0023503423098448634 0.002537104069969612 0.000502630829410794
-0.0023503423098448634 0.002537104069969612 0.000502630829410794
-0.0023503423098448634 0.002537104069969612 0.000502630829410794
-0.0023503423098448634 0.002537104069969612 0.000502630829410794
-0.0023789498753248317 0.0024812332248613372 0.0006058654701396049
-0.0023722241477163314 0.0024497921813022433 0.0006505406882172937
-0.002370989187012562 0.0024865160626839494 0.0005933539890334016
-0.0023460746313094458 0.0024726672384316056 0.0005980800816567378
-0.0023665975089790722 0.0024911911661137237 0.0005824285292431175
-0.0023665975089790722 0.0024911911661137237 0.0005824285292431175
-0.0023665975089790722 0.0024911911661137237 0.0005824285292431175
-0.0023665975089790722 0.0024911911661137237 0.0005824285292431175
-0.0023665975089790722 0.0024911911661137237 0.0005824285292431175
-0.0023675486335933 0.002516856266745235 0.000618080890431999
-0.0024375494316440025 0.002391904921820995 0.0003917030174520608
-0.0024259740703372057 0.002237165919855441 0.00017954023819127807
-0.0024576525589504947 0.002493349342127152 0.0006130303014665328
-0.0024506279398315775 0.0025157373155932916 0.0005726130769420634
-0.002440085310808214 0.0025008070909782742 0.000558941477688174
-0.00243958162593446 0.0025005976036830413 0.0005589077673799903
-0.00255618884227498 0.002292395178851034 0.00017979817291927103
-0.0025602679866018815 0.0022688646839162385 0.00021996370021001854
-0.0025445598518031784 0.0021366454305212085 4.548015696803631e-05
-0.002551453456783155 0.0021394300755828294 4.6076746845480354e-05
-0.002551453456783155 0.0021394300755828294 4.6076746845480354e-05
-0.002551453456783155 0.0021394300755828294 4.6076746845480354e-05
-0.002546288808592055 0.0024101968224461423 0.00043314520219425723
-0.0024036930420319944 0.002061862026301195 7.805721795323128e-05
-0.0024310168335396273 0.0020874860730726585 5.816009514625353e-05
-0.0023405402197413383 0.0020377331452979958 5.3280982203335325e-05
-0.002073744502196967 0.002551547518679309 0.0007935974398206869
-0.0020186580901522394 0.002804862563254018 0.0011232947044935437
-0.002053811736741011 0.0027663654338001553 0.0012047567640743884
-0.002053811736741011 0.0027663654338001553 0.0012047567640743884
-0.002026824539634653 0.0027083596527908566 0.001275562140996167
-0.0021726247750786867 0.0027391606575149913 0.0012136057164413572
-0.00216981276143597 0.002749193926213034 0.001196533965963531
-0.0022894313493241406 0.003177190527358917 0.001717433021078768
-0.002538675900979198 0.0024704998693973607 0.0003416947786498148
-0.002596149028781608 0.0022335520469210918 -3.559546174505823e-05
-0.0026156914009262816 0.002196204516102654 3.3631924846982963e-05
-0.002532954067739998 0.002143041767795756 1.81182905406585e-05
-0.002493322623236989 0.002127491835086856 1.4404671935336344e-05
-0.002343033745905665 0.002064840781572916 3.477650855501779e-05
-0.00234064340404469 0.0021125339472525817 -3.8197692587088605e-05
-0.0022351412567390982 0.002249787356813901 0.00023300726747757516
-0.0022348789843193023 0.0022607974954401283 0.00021615552372761249
-0.0022348789843193023 0.0022607974954401283 0.00021615552372761249
-0.0022679991894720836 0.002237604630354717 0.00027578865347449577
-0.002262499613186114 0.0027231891471760777 0.0009656997253470467
-0.002278421596878334 0.0026918399109065877 0.0010231911949305783
-0.002247245548401229 0.0028533131682557528 0.0012760609352000796
-0.002247245548401229 0.0028533131682557528 0.0012760609352000796
-0.002389169010128707 0.002914795313986765 0.0012601883540520609
-0.0024899193333288647 0.002751175799962924 0.0010449571084256426
-0.002531332601828272 0.002284367443007765 0.00035541105666836437
-0.0025386261481868955 0.002310417037930279 0.00032267487435772013
-0.0024891111661433027 0.002095725911801169 5.29328307166399e-05
-0.0025091524183482664 0.002114611038543629 3.8074074635296995e-05
-0.0023984401717771706 0.0020737386756140563 6.08237811152712e-05
-0.0023984401717771706 0.0020737386756140563 6.08237811152712e-05
-0.00224051840839401 0.0022879820173713206 0.00047868708952075734
-0.00224051840839401 0.0022879820173713206 0.00047868708952075734
-0.00224051840839401 0.0022879820173713206 0.00047868708952075734
-0.002147104714648032 0.0026350449047881364 0.0007859638892264709
-0.00229146762023371 0.0030221317483640903 0.0011202282399051244
-0.0024781515618929606 0.002742069037168629 0.0008314443482380085
-0.0025140150558352337 0.00273317831176767 0.0008685986135701651
-0.002452823183861051 0.0026743553008795745 0.0007996116992604607
-0.002329310499341583 0.0020394306116494065 -2.607706070453797e-05
-0.0023513188858374015 0.0020071967085178166 3.863538377837927e-05
-0.0022853972392823316 0.0023115195006498113 0.0005173479804090608
-0.0022853972392823316 0.0023115195006498113 0.0005173479804090608
-0.0024682338302199278 0.002089953122938873 7.090745905496965e-05
-0.002560205263891488 0.0020195444624162423 -9.70840171284626e-05
-0.0025596451105542317 0.002108933939301741 -0.00023274628645453266
-0.002483814872358478 0.002757136881403305 0.0007418802496199639
-0.002469693329980191 0.0027469850331440088 0.0007466863188622663
-0.002443402462125828 0.002839064453950546 0.0008961433075968528
-0.0025459787144058235 0.0025921631986728783 0.0004994114549785877
-0.0025493385417022577 0.0025971033287465195 0.0004942143434893687
-0.0023807078372138635 0.0026435018601524557 0.0008800879122232985
-0.0023358421241204824 0.002624709407424236 0.0008843651869834823
-0.0023256738999623827 0.002351024950104502 0.000457799455166108
-0.0023766169705061596 0.002082097991433135 4.005197602652277e-05
-0.0023534122787180894 0.002125106869003107 -4.021681312249559e-05
-0.002302393902390079 0.0021072326626240118 -2.8541982321300674e-05
-0.002302393902390079 0.0021072326626240118 -2.8541982321300674e-05
-0.0024032988552898787 0.002154814504738131 -3.441106616827727e-05
-0.002373172788244171 0.0021024493176806935 2.4189375253308443e-05
-0.002413719505734782 0.002195819883083497 0.00012661321149209925
-0.002446527184485396 0.00220515385994495 0.00013497332224793324
-0.0024265405099969523 0.002396867102347544 0.00042147321935873117
-0.002450371705521634 0.0024210579491377032 0.00040126431215758984
-0.002450371705521634 0.0024210579491377032 0.00040126431215758984
-0.0024599472544421797 0.0024578509945762522 0.00035206045331614977
-0.0024599472544421797 0.0024578509945762522 0.00035206045331614977
-0.002451722051699849 0.0024593241932247684 0.0003452345460498718
-0.002390060707734669 0.0027196301645797116 0.0007583531841811597
-0.0023644022362102265 0.0027468329205366793 0.0006994670027619942
-0.0022689014310645836 0.002722699067264467 0.000734716973646854
-0.0023055732957226044 0.002624994667051128 0.000907706027829025
-0.0023055732957226044 0.002624994667051128 0.000907706027829025
-0.0023051952271414683 0.0026027399928238854 0.0009411126695462735
-0.0023581039672358403 0.0022248555382867324 0.00036601353691043115
-0.002358268717876054 0.0022610206020668155 0.00030959288278264996
-0.0023817718775298244 0.0021810148375967092 0.00017954612224713173
-0.002366349403055315 0.0021907069966363296 0.00015525592613388484
-0.0024779695051927106 0.0021562667027214405 2.68967226812189e-05
-0.002421066978587773 0.0021337314409779484 2.1916151731443678e-05
-0.002410538957530968 0.002219346632892527 0.00014939752482495683
-0.0024468835376897785 0.0022263226359641314 0.0001637338976556435
-0.0023829073871128106 0.002395470106941869 0.00045111330765895685
-0.0023379669969534472 0.0024298306901928413 0.0003681875878116525
-0.002350418707440405 0.0025288901032856914 0.0004978546559732122
-0.0023926719702055538 0.002537558773549095 0.000513834555851217
-0.0023918946344602537 0.002623046233565199 0.0006354404176064921
-0.0024374323634769116 0.0025886569621346445 0.0007178789815405207
-0.002383872161736293 0.002661438320725143 0.0008614236131878339
-0.0023835233727626456 0.002676027836925554 0.0008391038987333732
-0.002345214820081931 0.0026463255463211877 0.0008246074569998874
-0.0023001117623128314 0.0026625368325026155 0.0007700113942430975
-0.002308210607608878 0.0026463324313396736 0.0007365482071858276
-0.002351636861831312 0.0023394737085530998 0.00011024951163551844
-0.002358753984530844 0.0024488547316395964 0.0002489052416805304
-0.002406255363682948 0.0023622599500930097 0.0004108236415418798
-0.002406255363682948 0.0023622599500930097 0.0004108236415418798
-0.0023101554693903265 0.0026176400683141504 0.0008439005373406805
-0.002290536329934985 0.002658416631512575 0.0007695012828173031
-0.0022902380822553 0.0026683220069798896 0.0007839879772996716
-0.002332243427559673 0.0026361694329421065 0.0008606069325680921
-0.002332111689302148 0.002632512765058409 0.0008555253294718068
-0.002332111689302148 0.002632512765058409 0.0008555253294718068
-0.002337896131338682 0.0026289231751097653 0.0008459420132783668
-0.002320880641480262 0.0025896356236612406 0.000895434603682771
-0.002320880641480262 0.0025896356236612406 0.000895434603682771
-0.0023061787226740446 0.0026688757388165646 0.0007647264721249436
-0.0024269272040114906 0.002430291429851933 0.00033949464518909234
-0.0024269272040114906 0.002430291429851933 0.00033949464518909234
-0.0024265198549400444 0.0023227215772563953 2.1036114215194912e-05
-0.002414693023843749 0.0022405021895695737 0.00017477158652687286
-0.0024296724206560594 0.002292613518405748 0.00010854002799809415
-0.0023805857253332147 0.0024365521267308843 0.0003493114199007996
-0.0024025047662856736 0.0024041084072809193 0.00041361392564498445
-0.0024025047662856736 0.0024041084072809193 0.00041361392564498445
-0.0024025047662856736 0.0024041084072809193 0.00041361392564498445
-0.002298492297309211 0.002552797748240118 0.0006979008809555598
-0.002307649525617038 0.0025328349456966437 0.0007318411884857379
-0.002308130673934858 0.0026219927117332453 0.0008595068290939145
-0.0022756183161744895 0.002617406719954904 0.0008449100128910259
-0.002293688323356406 0.0026253976309759397 0.0008431456433161122
-0.00231939123062342 0.0026236239947854956 0.0008626128022790058
-0.0023936214009680004 0.0025665002229495887 0.0007261949119404254
-0.0023746812558961203 0.0025783412611430218 0.0006961528416354057
-0.002436946143670432 0.0025118152373110464 0.0005571619765198654
-0.002445595334590843 0.0024706809945703317 0.0006261124512213223
-0.002479405121074009 0.0023882607995527744 0.0004863233794654698
-0.002454415452689332 0.002459653624097183 0.00036034827017772386
-0.0024281628021732907 0.0023557779944786694 0.00023065083208007042
-0.0024278292107032112 0.0023703465333161367 0.00020836025132131564
-0.0024207278372822966 0.0022845305921812 9.210636050296928e-05
-0.00242799573495861 0.002272744138781438 0.00011499686012655941
-0.0023375816612919847 0.0023916058654151334 0.0003503070430982691
-0.0023252768263482895 0.0024385934583893293 0.0002698823435305364
-0.0023252768263482895 0.0024385934583893293 0.0002698823435305364
-0.0023440578244635357 0.0024125860996184745 0.0003229436355124682
-0.0022416133800917046 0.0026937866456162585 0.00079542183571224
-0.0021182446148055034 0.0029992871307465835 0.0002496217884227492
-0.0021182446148055034 0.0029992871307465835 0.0002496217884227492
-0.002143420837855556 0.003184999392155982 -1.3110462214915852e-05
-0.002349441041211313 0.004060087931269066 0.0009485470453888256
-0.0025775593652903606 0.004226017446227123 0.0008545881239229169
-0.0029600666815546572 0.004569489243063912 0.0010541268685803906
-0.003044545404535505 0.004715659220101642 0.0008916549215751135
-0.003121027027262656 0.004734219786538582 0.000682827805067121
-0.0030862574353691455 0.004795288183029836 0.0005667305215282248
-0.0030135901585171126 0.004865080848526174 0.0006092412002572101
-0.002991137669982352 0.004968580170809783 0.0004375670593744774
-0.002973295845915845 0.0049579881382898205 0.0004415025372767334
-0.0029387864355698567 0.004944151921362661 0.00043853163838555864
-0.002782026361832224 0.004779757127323314 0.0002633772987837013
-0.0027770466377662686 0.004680644215260932 0.00020096093127472403
-0.0027732860174598806 0.004604492505419944 0.00031432859423344284
-0.002678604852283953 0.004673053850872105 0.0005798554281112589
-0.002700320098687696 0.004655205387804909 0.0006522344092116106
-0.002737874003884949 0.004697966485796026 0.0008288469168736823
-0.0028389219417132086 0.004578244947777782 0.000931787985939625
-0.0029273599420754706 0.004547774507411617 0.0010287045510742054
-0.002974227977862197 0.00437904854137422 0.0013154981005365496
-0.0028903766149779436 0.004227973353067321 0.0012707197801113679
-0.002774166822612535 0.003175682329462845 0.0012783022629604401
-0.002667068659256623 0.002581217977969702 0.0006774786442900749
-0.0019798980037323416 0.00114419944897301 0.0010566321115830224
-0.001467373745067349 0.0003140672376292647 0.001293655127326987
-0.0011609796673460251 0.0015881064089346558 0.0037483574410578924
-0.0014347039872053824 0.0017525953896249113 0.0036878938610085954
-0.0014759564653005972 0.005700275589361578 0.009558195854482782
-0.0016099637632352379 0.005846709164556929 0.010037632296296478
-0.0015940517592817893 0.006213910534168796 0.010568569026513847
-0.001912985442691792 0.006407152140506453 0.020608612824407485
-0.0014402102193932648 0.008350474037567529 0.027727289425712287
-0.001790891951741952 0.00813963847946736 0.030094786716869715
-0.0015075967804696125 0.009482339418206573 0.033128207767393836
-0.0020278247271177524 0.008794930543737048 0.03448843160833151
-0.002261855719254406 0.00851160770872672 0.03505874156111152
-0.0029771835291671767 0.007643197116083064 0.03681908502428216
-0.003248468147172362 0.007297387762247476 0.03750583110726882
-0.003635868818039449 0.00823450314749459 0.04277323474572717
-0.0026147041846440802 0.013816633154845409 0.052919867876321636
-0.0034418663382026204 0.013372837662535733 0.05659240763397061
-0.0032801102559580353 0.015338627912743277 0.061011838762903725
-0.004160144931163949 0.01499850604204804 0.0648800812981184
-0.003950756757303477 0.01708276043717767 0.06969477139501198
-0.004930684219052496 0.01667951785828356 0.07360325280815952
-0.0047244540854257805 0.018917753362298437 0.07876979463587336
-0.005801161051871978 0.018335426585775055 0.08329463026269582
-0.00557749720842466 0.020668874131709883 0.08867331570678516
-0.006609305100898216 0.022428415863894033 0.0989754540219292
-0.007900780689199964 0.021649624497150688 0.10416668397952977
-0.007656933876998756 0.024266343223036974 0.11001796413648854
-0.008685005332665106 0.026259629548263566 0.12070923894411545
-0.010914394546795922 0.028170521073922178 0.1368121912911404
-0.01065313139096185 0.03109935917217725 0.1429929620260648
-0.012120830738756812 0.029458764158499712 0.14611159344083638
-0.012120830738756812 0.029458764158499712 0.14611159344083638
-0.012120830738756812 0.029458764158499712 0.14611159344083638
-0.012120830738756812 0.029458764158499712 0.14611159344083638
-0.012120830738756812 0.029458764158499712 0.14611159344083638
-0.012120830738756812 0.029458764158499712 0.14611159344083638
-0.012120830738756812 0.029458764158499712 0.14611159344083638
-0.012120830738756812 0.029458764158499712 0.14611159344083638
-0.012120830738756812 0.029458764158499712 0.14611159344083638
-0.012120830738756812 0.029458764158499712 0.14611159344083638
-0.012120830738756812 0.029458764158499712 0.14611159344083638
-0.012120830738756812 0.029458764158499712 0.14611159344083638
-0.012120830738756812 0.029458764158499712 0.14611159344083638
-0.012120830738756812 0.029458764158499712 0.14611159344083638
-0.012120830738756812 0.029458764158499712 0.14611159344083638
-0.012120830738756812 0.029458764158499712 0.14611159344083638
-0.012120830738756812 0.029458764158499712 0.14611159344083638
-0.012120830738756812 0.029458764158499712 0.14611159344083638
-0.01784661893551255 0.022532501933492766 0.1589126506985908
-0.026711289035402604 0.05814137701347287 0.30482640208882383
-0.02976562666331853 0.06517998136201528 0.3376736076828339
-0.0312336528462316 0.06386153255527255 0.343633426522283
-0.03194684787750489 0.06539912859522821 0.3572037152656054
-0.030991512170707676 0.06885916125755913 0.36505336238439645
-0.032412421703681506 0.06701734798250353 0.3718877069324712
-0.0313783562221932 0.07044985402996772 0.3798535275637831
-0.03282374891254031 0.06845022156331382 0.3869072625670083
-0.03351920463786044 0.06968819396139632 0.40188470931349807
-0.0327139660022684 0.07299109624734777 0.40962606722481754
-0.034475692268991526 0.07071970125905443 0.4169073938974397
-0.03560365458943571 0.07122584468022555 0.432046117918919
-0.03495614838607154 0.07437883239795423 0.4397772082397231
-0.038319453613412574 0.07181592825795255 0.4631530680740611
-0.03759972148088293 0.07508039051011327 0.4711418089023588
-0.03976329083445091 0.07204969110747372 0.4791769666797746
-0.03839802704583306 0.0771401696110326 0.4894296103467269
-0.04020829908460458 0.07632194566965907 0.5037694206275805
-0.041308149647811016 0.07726706728820736 0.5205406880085938
-0.042166056438862815 0.07832500784963942 0.5377555881760765
-0.0418638946320125 0.08126478350879304 0.5531498458132831
-0.04544789906281674 0.07424696620646527 0.5613466049180025
-0.04916926738914109 0.06687985184288062 0.5699346482984488
-0.04916926738914109 0.06687985184288062 0.5699346482984488
-0.05296268805418117 0.05929860496954288 0.5787567474011076
-0.05296268805418117 0.05929860496954288 0.5787567474011076
-0.057744081471158434 0.04943817678205702 0.5901577126362463
-0.060710525556273355 0.04324183314243624 0.5973160687032331
-0.06479666576619755 0.034739049218094994 0.6071380914721715
-0.06479666576619755 0.034739049218094994 0.6071380914721715
-0.05596060929902599 0.05537411776257831 0.629991251960672
-0.028306747490079165 0.11965726291130477 0.7011607447985928
-0.023948660845019093 0.12860533895100285 0.7112772847776911
-0.01952085987601647 0.13755362134365118 0.7214211570388966
-0.015015105551675782 0.14639985226555854 0.7315012778523292
-0.050086948090123415 0.06630133902746378 0.8148628347679744
-0.05190930800821164 0.06126893668773829 0.8267915947936061
-0.045787601394884206 0.07356036547882139 0.8381867892777538
-0.04519648570586239 0.07021094571283427 0.8686626583215532
-0.04458140288438063 0.06813646439250386 0.8839623935560004
-0.04458140288438063 0.06813646439250386 0.8839623935560004
-0.04458140288438063 0.06813646439250386 0.8839623935560004
-0.04387788067509532 0.06332000795227015 0.9126184070817828
-0.04666275667423981 0.05557421678701631 0.9213010726218126
-0.0401425247029758 0.06752813124012254 0.9312856040039298
-0.04530671883987331 0.0496907556493687 0.9568976945499623
-0.04251813096721049 0.05455697741856551 0.9607833037992799
-0.04458376981245489 0.04772275900153801 0.9678571080587098
-0.041651966911124674 0.05178586212586159 0.9741479089934787
-0.041073086042376146 0.050124418542512025 0.9819726778605108
-0.0401285880190117 0.04810851023600145 0.9919703864068635
-0.039225976750149584 0.049563415777651026 0.9931076020088835
-0.04079254367753951 0.039885060668669245 1.0078851218871452
-0.038118041758083865 0.04422872459065816 1.011133404936955
-0.0372394035076827 0.045630273914662636 1.0122000825744695
-0.034612361912892874 0.04983928835052401 1.0153577891405146
-0.038538351824550766 0.03658885694330792 1.0259710546358043
-0.03583179066178003 0.041121710370536205 1.0292441715151766
-0.03586160057338778 0.032852556799603055 1.0450589102436973
-0.03270470708324116 0.03781357543357741 1.048578555853366
-0.03270470708324116 0.03781357543357741 1.048578555853366
-0.03270470708324116 0.03781357543357741 1.048578555853366
-0.030135267421512638 0.04149809401644597 1.0512990070517447
-0.022267962205141066 0.05304533843460424 1.0596406885212402
-0.020876947766215383 0.05497108907560387 1.0610834417836632
-0.016488843026756322 0.06123037470470016 1.0656523570143424
-0.015083857278322649 0.06319548397552473 1.0671254009925695
-0.010717535179104655 0.06940654174561149 1.07167537908989
-0.009370410658713427 0.07131397455607716 1.0731047528863586
-0.004060981073810595 0.07888015424004269 1.0786895615009644
-0.00019761533181452545 0.08449472397713106 1.0828011369277237
0.0060093162708365 0.09349474602435015 1.0894638407151676
0.0108214832116715 0.1006626892285068 1.094725870261386
0.014273246273551615 0.10586108894516366 1.0985189490057334
-0.020075669607806705 0.0006366172301239398 1.1567067787396272
-0.016882079706778602 0.005577734294473613 1.1595855506842958
-0.019274397466251543 -0.0027745854780989315 1.1659276461052093
-0.016031758628099496 0.0021785741579058437 1.168770486571558
-0.0168972227255249 -0.010600288787160711 1.184958636538383
-0.015559352914464489 -0.015403955992823598 1.1951901424454654
-0.011482269737286804 -0.00957820497083521 1.1984058707276652
-0.013485590393657099 -0.018938956485696323 1.2051213034465138
-0.00938167787650062 -0.01297598351193427 1.2083315481259822
-0.011490656830335857 -0.021641880560181986 1.2145476943076359
-0.009823359068550766 -0.024173242614789897 1.2233808944693947
-0.006390867248424102 -0.019053267014045985 1.2260286747396845
-0.008204542166422316 -0.026367476882764487 1.2312883693075438
-0.004965275798682223 -0.021445477204089375 1.2337840304919243
-0.0037917892550912366 -0.019731592828872185 1.234707079165797
-0.0003029263856832165 -0.01455749291892676 1.2373646947881276
0.0009123074691346697 -0.012740358456492351 1.2383404701341594
0.00968711986340113 0.0010252481743971975 1.2453680772346454
0.01628806501572972 0.012066153580275907 1.2509682360570542
0.02036049503467202 0.019138914674246457 1.2544633820726117
0.021671604074355227 0.021487837533661486 1.255658250628622
0.027182306883335526 0.031472673845565804 1.2605794816968572
0.031197705662022443 0.03891661805966237 1.2641949318591492
0.03668427493082681 0.04939900792500147 1.269286048871058
0.03805381212189166 0.0519744453262809 1.2705827782047168
0.04243388543360231 0.060254099905623804 1.274592114651401
0.043941278226890264 0.0631611384101613 1.2760445927943156
0.04866138243056445 0.07231121022572118 1.280443045511711
0.04866138243056445 0.07231121022572118 1.280443045511711
0.05169606847094173 0.0783066737067161 1.2834201908279244
0.0675593004826995 0.10961861174517405 1.2984825199352856
0.07390913208913838 0.12211766875375095 1.3045585799216723
0.07537129192549019 0.12490314502285027 1.3059792201568445
0.08012974615933144 0.13409821740444464 1.3104501816066
0.08150627591445786 0.13670436067547798 1.3117875858393053
0.08593283619325681 0.14505329552566304 1.315896807590371
0.08711763793648766 0.14728751406016954 1.3170490111415898
0.09094894380936261 0.15448201791033744 1.3206042573334091
0.09193340566559341 0.15623926379624886 1.3215386886310234
0.09511654042385252 0.16208339715840558 1.324462612458987
0.09878328278946891 0.16877402245482612 1.327865136905202
0.10236992859369583 0.17502450009627973 1.3311424895884865
0.1044865045106525 0.17861920493771677 1.3330310760953243
0.10563873221233186 0.18056334519657924 1.3340507541756503
0.10570972758312336 0.18071471515458626 1.3341248827870578
0.10590155952919758 0.18106405192129063 1.3342933452464476
0.10526225713237805 0.17983063631093055 1.3336853333248566
0.10495999788259786 0.17924396323582753 1.333384233969813
0.10399501014238938 0.17731690368533998 1.332449893543946
0.10182890462077837 0.17273350017385472 1.3302472755824903
0.09929937178818424 0.16764902806952983 1.327757556811021
0.09265208755983288 0.1556673801475517 1.3216453042083702
0.09141031661999974 0.15356939067108322 1.3204991820917926
0.0875164044927681 0.14700301114358755 1.3170850321193397
0.08608647770457804 0.14473382446708227 1.3158108348244968
0.07974026049795124 0.13428151735865396 1.3102769631780933
0.07458194342008212 0.12597695675238124 1.3059090525554735
0.07288782572090374 0.1233071701460305 1.304426209324311
0.06744748172910993 0.11437376479358337 1.2997961681392547
0.06570120577326846 0.1115590771183975 1.2982621440465523
0.06015347447936205 0.10254333944961629 1.2935969326389758
0.05268646516604644 0.09041387201993313 1.2872846901412758
0.050854672042539184 0.08750175533502065 1.2857122427645993
0.045022264223865606 0.07803550777929176 1.2808729004822696
0.043171850273535976 0.07508695468681831 1.279295494151364
0.035491970972480295 0.06252124795542649 1.2728782456334402
0.02974168209686854 0.05292080104946657 1.2680811826750027
0.02800998170871314 0.05006625225948212 1.2665981376688633
0.02252399411356342 0.04079479862153382 1.2620094020921226
0.020842801769159792 0.03796420233847993 1.2605603990029208
0.015648735968388033 0.029209463650436696 1.2562456144592393
0.00896888510932966 0.017832241387204684 1.2506328388429446
0.002859695638653799 0.011261721848660505 1.2429884507190836
0.0034028471489431916 0.023426707158817853 1.2349372877249745
-0.0004693967994601131 0.01802467628134999 1.2292670493294193
0.0017660105866140682 0.02498557778664781 1.223602314686526
-0.0019100969683117086 0.019344247700488953 1.2182664938180017
0.0003351011752511304 0.02546683479423617 1.2130828830224025
-0.0003134039622099613 0.02621077828124986 1.203303356114902
-0.003652504545659331 0.01964949572136246 1.1999023641520252
-0.004741104999211029 0.017540893154199405 1.198786002110239
-0.009059484182581241 0.009137488375300526 1.1944020756602582
-0.01864638700404584 -0.008570540652106634 1.185056693097327
-0.02269524465434824 -0.01570372969332462 1.1812758327451534
-0.027970144819956515 -0.024905996239330902 1.1763722797543752
-0.029232525706313073 -0.027156344969509 1.1751652592657653
-0.033012313317031895 -0.03396265962159903 1.1715911395534278
-0.03423298460468534 -0.03616780438344998 1.1704153165537674
-0.03792154504519152 -0.0428763372863475 1.1669069507780494
-0.03913894320568186 -0.04506018164739692 1.1657429952809912
-0.0553127451826422 -0.05866657477010989 1.157600890100669
-0.05297524838652595 -0.07038467077486518 1.1525195003462352
-0.05415882306336907 -0.07256187687721492 1.151373628060591
-0.057709306386516314 -0.07909251168064678 1.1479864111461506
-0.05886333292568222 -0.08120741146406031 1.1468745464158474
-0.06240867020003937 -0.0877967714514236 1.1434686348507903
-0.013462733120749255 0.04952409333004806 1.0443702360280833
-0.014723675657848587 0.05022544844357897 1.0319425608781647
-0.01731147163266797 0.04606666879335834 1.0258101205061791
-0.015764640467905745 0.0505565677892451 1.0198864075519674
-0.015401843420591706 0.0534114411267296 1.0091842745938386
-0.017701475709670678 0.049094432241607755 1.0059427976964939
-0.02247678945948687 0.041502409409404195 0.9926400784802174
-0.017869196995370325 0.055098570742969685 0.9798267821005002
-0.022096521563297278 0.05247080453388957 0.9554376711502659
-0.02020814936474373 0.05895075742513339 0.946877147570992
-0.02154091693545756 0.0602434324751534 0.9295424787653782
-0.024628762329477583 0.05537162059311852 0.9206602973403596
-0.022546256709572388 0.061678091409991836 0.911687058819461
-0.02554549088555537 0.056801976940816803 0.9025684038112389
-0.026250539170044322 0.05838641435983705 0.8836461751418756
-0.02385506555005342 0.06527138008118648 0.8737699434983479
-0.026756085096960473 0.06036627233288734 0.8639435527799866
-0.02721899466856599 0.06236456642423145 0.843278837594291
-0.024603433523483036 0.06931024168604513 0.8326188767099059
-0.027586041063771695 0.06396991339125942 0.8221583997411491
-0.02373294318403185 0.07308567136335038 0.8143212141612142
-0.02616045505577723 0.07212764615520086 0.7699639630771492
-0.025340224713226417 0.07605798975365521 0.7461528551691955
-0.02681538740685973 0.07441988583508871 0.727414048225417
-0.02956832222493093 0.07057184110324033 0.6959188346822556
-0.027433552530469148 0.07574903887994294 0.6859406740261313
-0.02982703706248563 0.07101163898475829 0.6758961652483595
-0.027851703389565635 0.07558188836382829 0.6663724161023037
-0.030129764722152473 0.07095832878019784 0.6565495224703431
-0.028285454329163164 0.07526342411356857 0.6474146127335483
-0.03122088796267975 0.07001686950273313 0.6007133301796836
-0.0295837813421884 0.07376095732706876 0.5918217237203878
-0.031636242863322644 0.06928688331665063 0.5821727462739926
-0.02991525585865891 0.0727868704012109 0.5732862228216647
-0.03184243988133817 0.06826083804229346 0.5636785855023569
-0.03002853748445191 0.06936168418711879 0.5364966976146983
-0.029554201373389023 0.0674264993299033 0.5175715858750334
-0.030969802646160678 0.06258154934556025 0.5073608819185405
-0.031402454481733975 0.05816345622223608 0.48452344328288105
-0.03057920125018529 0.05774138512906561 0.46681806241871426
-0.02878672725394868 0.06040734379810006 0.4571909334010442
-0.029078447115027127 0.057058759700685135 0.4364755126521289
-0.030906949573101118 0.051502931245117414 0.425290821632476
-0.02822950494499364 0.05599856252208871 0.4190934958916265
-0.02643782146878007 0.05711460058382066 0.405527556497173
-0.030510815959380662 0.044916121062143266 0.3858448677821359
-0.028668356629544957 0.04667157014215753 0.37736215993819494
-0.0298881050980457 0.041683115608087795 0.3672322407455655
-0.029665281339302553 0.037674391413670086 0.3511967382932384
-0.029665281339302553 0.037674391413670086 0.3511967382932384
-0.026318537681067407 0.04235181992344737 0.34403379536752376
-0.01628358578719312 0.05642894311770455 0.32233407252612034
-0.015503743007159211 0.05754717179334491 0.32063316582799684
-0.013074381181453223 0.06102211375588877 0.31530692134260074
-0.01224934348637828 0.06218218484809905 0.31353487944372616
-0.009767195462963521 0.06563147596501538 0.3082126559400655
-0.009767195462963521 0.06563147596501538 0.3082126559400655
-0.009767195462963521 0.06563147596501538 0.3082126559400655
-0.009767195462963521 0.06563147596501538 0.3082126559400655
-0.009767195462963521 0.06563147596501538 0.3082126559400655
-0.009767195462963521 0.06563147596501538 0.3082126559400655
-0.009767195462963521 0.06563147596501538 0.3082126559400655
-0.009767195462963521 0.06563147596501538 0.3082126559400655
-0.009767195462963521 0.06563147596501538 0.3082126559400655
-0.009767195462963521 0.06563147596501538 0.3082126559400655
-0.009767195462963521 0.06563147596501538 0.3082126559400655
-0.009767195462963521 0.06563147596501538 0.3082126559400655
-0.009767195462963521 0.06563147596501538 0.3082126559400655
-0.009767195462963521 0.06563147596501538 0.3082126559400655
-0.009767195462963521 0.06563147596501538 0.3082126559400655
-0.009767195462963521 0.06563147596501538 0.3082126559400655
-0.009767195462963521 0.06563147596501538 0.3082126559400655
-0.009767195462963521 0.06563147596501538 0.3082126559400655
-0.04047160220587469 -0.048581723572677885 0.1498277355643784
-0.04047160220587469 -0.048581723572677885 0.1498277355643784
-0.04047160220587469 -0.048581723572677885 0.1498277355643784
-0.04047160220587469 -0.048581723572677885 0.1498277355643784
-0.04047160220587469 -0.048581723572677885 0.1498277355643784
-0.04047160220587469 -0.048581723572677885 0.1498277355643784
-0.042705245224131806 -0.05991206458434979 0.13472265493078409
-0.042705245224131806 -0.05991206458434979 0.13472265493078409
-0.04326043406019239 -0.06236370382430256 0.1314125639362987
-0.04326043406019239 -0.06236370382430256 0.1314125639362987
-0.04326043406019239 -0.06236370382430256 0.1314125639362987
-0.04326043406019239 -0.06236370382430256 0.1314125639362987
0.0018015051230874102 -0.010045160071975992 0.02142725466355866
0.0021325863630062003 -0.009841976279816922 0.020897606991680667
0.002222039082001137 -0.009773951922317323 0.020735579636391527
0.0023712094143001836 -0.009684889952866246 0.020499634344821466
0.0023712094143001836 -0.009684889952866246 0.020499634344821466
0.0023712094143001836 -0.009684889952866246 0.020499634344821466
0.0023712094143001836 -0.009684889952866246 0.020499634344821466
0.0023712094143001836 -0.009684889952866246 0.020499634344821466
0.0023712094143001836 -0.009684889952866246 0.020499634344821466
0.0023712094143001836 -0.009684889952866246 0.020499634344821466
0.0023712094143001836 -0.009684889952866246 0.020499634344821466
0.0023712094143001836 -0.009684889952866246 0.020499634344821466
0.0023712094143001836 -0.009684889952866246 0.020499634344821466
0.0023712094143001836 -0.009684889952866246 0.020499634344821466
0.002288044164871307 -0.015753203497461274 0.0087158913555197
0.002280370946989796 -0.015840072737092495 0.007168410301756939
0.002202022366354528 -0.016033257575326684 0.006843656218371991
0.003022067938154134 -0.015500786114903325 0.005487231005363524
0.006780205995805422 -0.014680658520819428 0.0015266297052179412
0.008625049111233248 -0.01366507457392302 0.00013803438737647333
0.008693891353350948 -0.013607157341946965 3.035887658597858e-06
0.008796823456103824 -0.013272627163983308 -5.674159083560171e-05
0.008768050759393312 -0.013316587927321044 2.9887572757875125e-05
0.008699438592051141 -0.01340339399545086 0.00019593033921358471
0.00871882774871962 -0.013385196861000592 0.00015495870095408315
0.00871851604474174 -0.013377828455688884 0.0001650825963167568
0.008691114454046134 -0.013281406153143577 0.00032152835280135905
0.008691114454046134 -0.013281406153143577 0.00032152835280135905
0.008693475234740108 -0.013275341929638695 0.0003318038520117028
0.008696703876061099 -0.013269319414869848 0.00032041902635182584
0.008677190839663666 -0.013219796239156853 0.0002642513709114336
0.008670935855717599 -0.013224748880156983 0.0002760381093947495
0.008721271368394207 -0.013166819623112586 0.0003931182034685732
0.008724504777559351 -0.013160667645136334 0.00038153278945712854
0.008707757742354966 -0.013203232103656884 0.00019977024554604372
0.008701606989733109 -0.013204626061734476 0.00020604565655774065
0.008673698190655346 -0.013271159182993333 8.008830893252439e-05
0.008643963446270726 -0.013296361316241553 0.00014012993180784195
0.008671546241348992 -0.013307315867059216 0.00013725980085910194
0.008677023693290008 -0.013313633539484698 0.00013245073288969955
0.008705424242753938 -0.01324665804588726 1.096025729385719e-05
0.008754273763630797 -0.013281903679189772 -3.0260479276233987e-06
0.00873053151497099 -0.013402206211780482 0.00019785857069701263
0.008674011085256297 -0.01337046123261608 0.0002012383780168603
0.008710686882082569 -0.01337737022626137 0.0001867640775845003
0.00874866901440774 -0.013376159576786742 0.00021609654621887464
0.008706462736908373 -0.0133777680093623 0.00022620643921045236
0.008701457337902854 -0.013223708835607265 0.0002673884461596998
0.00869438612915125 -0.013224547833677242 0.0002735049732067729
0.008692021973224807 -0.013230555088111814 0.0002633064984268185
0.008678595605244324 -0.013232438382674183 0.00027604036726500136
0.008648566135484072 -0.013211042552123284 0.0002808925803233775
0.00865193482965982 -0.013216108091474915 0.00028629763571000333
0.008674936919285878 -0.013161582125391244 0.00038104333620220254
0.008745129308050353 -0.013177876739096761 0.0003579995676818437
0.008722547413230801 -0.01333765599669301 0.00011751748891189462
0.008705980070168033 -0.013334820149376508 0.00012449865119376624
0.00870361281028239 -0.013340817477113617 0.0001143120245414575
0.008671535617747014 -0.013380142138483833 0.00019676002333032794
0.008681580176216452 -0.013370647238357805 0.0002175623944810079
0.00872550895225696 -0.013280793513760464 4.87285002292448e-05
0.00875326258264552 -0.013285510399081171 6.213927429504773e-05
0.008710718424086057 -0.013316790368358908 0.00014015747926693356
0.008753530845363275 -0.013235868795366479 0.0002867163036846532
0.008747051462633389 -0.013233308538190922 0.0002871825462099076
0.008737469932795353 -0.01324050547562007 0.000294288083092592
0.00867627633176038 -0.013312864171155389 0.0001324272866282672
0.008707596405035864 -0.013325163950859684 0.00012971300882097525
0.00870287766875881 -0.01333722066213193 0.00010926374163816588
0.00866923138151187 -0.013331373058989918 0.00012332592208488813
0.008670984641769276 -0.013310542517895388 0.00015390093278835892
0.008625252426410407 -0.013337185914368097 0.00022634648335481677
0.008623091996534174 -0.013252833424307803 0.0003414059333797237
0.008636745223180052 -0.01325077774334786 0.0003289042976281631
0.008639513101720696 -0.013349886821933332 0.000193558994151799
0.008611616720436699 -0.01330572491539303 0.0001446795338051199
0.008611616720436699 -0.01330572491539303 0.0001446795338051199
0.008611616720436699 -0.01330572491539303 0.0001446795338051199
0.008616487355567824 -0.013297360041382433 0.0001600522681009242
0.008712110215589465 -0.013249312898943141 2.085604674290087e-05
0.008707240006692159 -0.013257678014375773 5.482186425515012e-06
0.008676815403478179 -0.013368189382789789 0.00019597447536165435
0.008676815403478179 -0.013368189382789789 0.00019597447536165435
0.008703135475172548 -0.013367323077938212 0.00017670612793460605
0.008738606094504497 -0.01336851349703902 0.00020080182316473127
0.008737483601105503 -0.013338361137162663 0.00015503744003642073
0.008757606730239849 -0.013181539325284736 0.00039072127217015806
0.008757606730239849 -0.013181539325284736 0.00039072127217015806
0.008701707502062929 -0.013329869819837456 0.00014097333716692195
0.008658196294583025 -0.013316675010017154 0.00015053138308077085
0.008646581642902565 -0.01323035126051271 5.259893893411194e-06
0.008628066801813224 -0.013342259435767348 0.00022130788651542055
0.008621754973159208 -0.01333612021615721 0.00021620641864980583
0.008656652033462511 -0.01330565414999374 0.0001452785471936502
0.008667032629906396 -0.013303455494413419 0.0001560815437383345
0.008645170129903866 -0.013353984867208804 0.0002486195596811125
0.008681580176216452 -0.013370647238357805 0.0002175623944810079
0.008735444065481927 -0.013401150931041647 0.00021395417775552095
0.008766131752735967 -0.013283446258813641 1.2273594751699424e-05
0.008711968254419264 -0.013245607353981989 2.5958018961325102e-05
0.008697978722354886 -0.013362470256939221 0.0002149706548124075
0.008662223265800115 -0.013350120336476992 0.00020618837309888116
0.008633598680243056 -0.013304747946133344 0.0001130982743540454
0.0086707675373413 -0.013226332636283644 0.0002360042366588433
0.008661691117110806 -0.013310709948757105 0.00011744978714606225
0.008639406650556423 -0.01335357125194174 0.00019926578896756197
0.008639406650556423 -0.01335357125194174 0.00019926578896756197
0.008712961621748887 -0.013334229599265793 0.00016485507446675762
0.008684245781710703 -0.013363880188114852 0.00023020466649303906
0.008696445667126435 -0.01324642347112348 0.00025340367959236776
0.008679860901367388 -0.013243583881261053 0.00026037634615144745
0.008649142457330929 -0.013226594802718011 0.000261848212879473
0.00865970472462639 -0.013181674335377438 0.000422602841440467
0.00873315383203492 -0.013154247201006594 0.00015059725643842836
0.008699042329279996 -0.013270616583082442 0.00035256694511037745
0.008667778584756133 -0.01337160177592256 0.0001754195072092013
0.008664813282496922 -0.013362910614061987 0.0001854302315866807
0.008692763341905912 -0.013292031072699134 5.8381073767738156e-05
0.008728502900810418 -0.013300552198042812 7.237972342152843e-05
0.008694883875530024 -0.013346372117188102 0.00011080521529122089
0.00869711929062178 -0.013335934187176171 9.410450370161971e-05
0.008729997892284132 -0.013336167318715453 0.00011803120488498853
0.008762763716785832 -0.013278507607191709 7.062838920102177e-06
0.008734442755621422 -0.013262392590691716 8.840939963783434e-06
0.008698927835539022 -0.013341112499746885 0.00015378381442948674
0.008718927789936014 -0.01323702284266913 -2.437925197384949e-06
0.008683331355881327 -0.013228339811567638 -1.6259104604010588e-05
0.008644910822639996 -0.01330229366926837 0.00012335299233010022
0.008682709322355271 -0.01330116253269402 0.0001526037896925625
0.008710093934764344 -0.013332667272245191 0.00011784121280869475
0.008670837792662235 -0.01336921234948528 0.00019108659151903518
0.008693979728973698 -0.013370747404137975 0.00017770673303704743
0.008658155022173597 -0.013306053398140366 0.00012320737489227018
0.008655800105688845 -0.013312120573103034 0.00011293132369666337
0.008665247968053832 -0.013326586989437728 0.00012922996413075594
0.008664795082143434 -0.013315587419982344 0.00014435062412490596
0.008708213656811369 -0.013325043267356632 0.00011861631826431962
0.008713237536357395 -0.01332029665149212 0.00012901911592128057
0.008644276881425536 -0.01334520618026748 0.00021463837360802263
0.008629679125602925 -0.013370511159894544 0.0001682356042545241
0.008604686961971926 -0.013371645365653273 0.0001862424949095609
0.008604686961971926 -0.013371645365653273 0.0001862424949095609
0.008642451259382532 -0.013340080012563801 0.00017657674382159927
0.008724285588469681 -0.013253173495248363 8.221045411954675e-06
0.008658969095845424 -0.013309425989051299 0.0001385529594185586
0.00864036749761165 -0.013289942739764637 0.00014997393675617032
0.008666377389670313 -0.013319186342135664 0.00012778098617099998
0.008656514151877452 -0.013311708458180624 0.00012307712586215325
0.008661677120310053 -0.013310656851609384 0.0001283905460063295
0.00872327714210825 -0.013238312009750508 -2.4611534149454606e-05
0.008753854070372796 -0.01324788493523206 -1.5925310416387006e-05
0.008690309217096133 -0.013367488441032 0.00021101301606893386
0.008690309217096133 -0.013367488441032 0.00021101301606893386
0.008695519567620158 -0.01332884072640654 0.00014797355268958423
0.008695519567620158 -0.01332884072640654 0.00014797355268958423
0.008763693734223331 -0.013255321570550108 -1.1232714273307076e-05
0.009502167725125563 -0.012973731213347522 0.0009229549984094976
0.009378593803866228 -0.01307375595662652 0.0011608193731348637
0.009432165070157747 -0.013101947035004086 0.0011671098164398042
0.009381111356088719 -0.012751878971268574 0.0016201003004548686
0.009342571253267831 -0.012436557466583245 0.0018501912760702788
0.009365343764680963 -0.012408632513088533 0.001790875643590345
0.008850877723533226 -0.013039413053186108 0.0005322670059804135
0.008857476683487589 -0.01303827568519568 0.0005260673599301602
0.008789323880189458 -0.013100242580272078 0.0006688702241433031
0.008844592000630619 -0.013073712425239026 0.0005901729376336373
0.008844592000630619 -0.013073712425239026 0.0005901729376336373
0.008893545729985172 -0.013014916744813837 0.0004665190761027893
0.008893545729985172 -0.013014916744813837 0.0004665190761027893
0.008802236002355308 -0.013105285589285143 0.0006677723894671916
0.008789323880189458 -0.013100242580272078 0.0006688702241433031
0.008789323880189458 -0.013100242580272078 0.0006688702241433031
0.008789323880189458 -0.013100242580272078 0.0006688702241433031
0.008828678970594063 -0.01307147793931207 0.0005968831890278414
0.008828678970594063 -0.01307147793931207 0.0005968831890278414
0.008835178686203107 -0.013073932679350031 0.0005961851556531006
0.008835178686203107 -0.013073932679350031 0.0005961851556531006
0.008860972185397394 -0.013039651681400505 0.0005257632634823595
0.008860972185397394 -0.013039651681400505 0.0005257632634823595
0.008848482091015616 -0.013093538723293108 0.000617731601848498
0.008848482091015616 -0.013093538723293108 0.000617731601848498
0.008848482091015616 -0.013093538723293108 0.000617731601848498
0.008848482091015616 -0.013093538723293108 0.000617731601848498
0.008848482091015616 -0.013093538723293108 0.000617731601848498
0.008848482091015616 -0.013093538723293108 0.000617731601848498
0.008410412741870495 -0.013421821105761733 -0.00016304724755453193
0.008410412741870495 -0.013421821105761733 -0.00016304724755453193
0.00870325447248544 -0.013237262807491601 0.0003088596418104883
0.008984487104116486 -0.013153924667473824 0.0006324009517593432
0.008984487104116486 -0.013153924667473824 0.0006324009517593432
0.009247944213987253 -0.013158094235721188 0.000817394730088572
0.009247944213987253 -0.013158094235721188 0.000817394730088572
0.009297640449108684 -0.01305017068501356 0.0010057647957098792
0.009297640449108684 -0.01305017068501356 0.0010057647957098792
0.009033032664550134 -0.01318178766107786 0.0006286120442012544
0.008676057999205879 -0.013337863098162067 0.00014957765854431426
0.008676057999205879 -0.013337863098162067 0.00014957765854431426
0.008500508217509306 -0.013374474827660202 -3.1659368700587276e-05
0.008500508217509306 -0.013374474827660202 -3.1659368700587276e-05
0.008181705028861654 -0.01375589989284133 -0.0007968853094284245
0.008181705028861654 -0.01375589989284133 -0.0007968853094284245
0.007954133875754173 -0.013937048383031198 -0.0012159749048236412
0.008000302694351258 -0.013916503753607326 -0.0011528816065648206
0.008179505502346945 -0.01376572191323823 -0.0008123227220140639
0.008184048256751779 -0.01366022783925086 -0.000977186962769272
0.008184048256751779 -0.01366022783925086 -0.000977186962769272
0.008824738368001572 -0.01333761023227803 -7.522174230112366e-06
0.008817561794122658 -0.013446264371995378 0.0001641722434163051
0.008844468851531624 -0.013471306973863978 0.0001840498041368599
0.008844468851531624 -0.013471306973863978 0.0001840498041368599
0.008853946393981335 -0.012853589624147468 0.0008935374694232223
0.00844522052621792 -0.013207958762268518 9.961562597848861e-05
0.00843604498333364 -0.013183184019643218 -0.0001445900522914212
0.008383995763949846 -0.013387997904086388 -0.00046883143979406516
0.008344047612740886 -0.013372468666366072 -0.00046528614081706166
0.008331178874711367 -0.013396794076530535 -0.0004193886734608354
0.008287188031569206 -0.013490962883984478 -0.00024448877320806806
0.008296305323928034 -0.0134908108636341 -0.0002508617630561927
0.008425766162832318 -0.013578967424312416 -0.00028238448692588514
0.008817974506157782 -0.013733706228668735 -0.000303821499464646
0.009055174419585546 -0.013513526508285967 0.00012062034636037278
0.009084607195803722 -0.013499109599095116 7.72580401827705e-05
0.009048138160603951 -0.013416631917995386 0.00039225345500734643
0.00887319611283649 -0.01283797534885521 0.0010487613197701917
0.008791771726101572 -0.012874684720528148 0.000813667635285259
0.008308254862052618 -0.013241923415833107 -0.00012712051996052742
0.008282010777199415 -0.013268514468031734 -6.739168258601547e-05
0.008282010777199415 -0.013268514468031734 -6.739168258601547e-05
0.00842735533337783 -0.013401563515515219 -0.00014835992044645585
0.008828924640128466 -0.013803152557821843 -0.00040771202446057697
0.008848004844867703 -0.013805832458194264 -0.0002797046791399027
0.009018041182856498 -0.013659342206773756 7.35010962890914e-05
0.009069188648673461 -0.01355940036055385 0.00013933936882398745
0.00913713509240234 -0.013413951253460982 0.00032102137539860576
0.009126051226594552 -0.013303534476608134 0.0003512348874426252
0.009050378546253263 -0.013120207367144587 0.0005537129210242131
0.009011464112070003 -0.013061044389356707 0.0006079084953426739
0.008844010879479627 -0.012861478717965225 0.0008348990211814733
0.008802190812669274 -0.012919076591106027 0.0009530034066718429
0.008823960137998417 -0.012905446965781595 0.0009175237911412115
0.008860398464635003 -0.012882634042199137 0.0008572879708312608
0.008863216266383846 -0.012890929696900005 0.0008680671994752975
0.008725330502462145 -0.012972374190003744 0.0006455400514818743
0.008295517487604605 -0.013145087903019173 2.707136730245585e-05
0.008318655457559325 -0.013169859510746257 -0.00010040554737494878
0.008330172862215789 -0.013416648322932975 -0.00039135202206139197
0.008323227662618816 -0.013413924073884906 -0.0003907573521060581
0.008323330237697324 -0.013410242468778186 -0.0003964615399292548
0.008433541840204749 -0.013456328063284617 -0.0004900862469570666
0.008787917223615556 -0.013690313001255866 -0.0005387281269944033
0.008838993721876708 -0.013710267337837978 -0.00041813320141440014
0.009063264021808771 -0.013518312079096456 5.777655378091939e-05
0.009075534590837167 -0.01354341263454703 0.0002579572381995465
0.009094834602648746 -0.013559356429367148 0.0002729536125548604
0.009048353903390892 -0.013482597833593499 0.00034811698152639736
0.009011748484748262 -0.013214031003355858 0.0006187155992066484
0.009047128912624956 -0.013153574404365737 0.0005018446574312219
0.009047128912624956 -0.013153574404365737 0.0005018446574312219
0.009024003427363293 -0.01318191042473825 0.0005602331000277572
0.009020770357366363 -0.013187935775086035 0.0005716217155513348
0.00886820642484281 -0.013113437244688886 0.0005670198780264868
0.008389284704056255 -0.012890846780947027 0.0004766424718606055
0.008336740778669048 -0.012903843560276823 0.00019683772122985888
0.008336324990334584 -0.01291831481246948 0.00021925602450642567
0.008320754705116826 -0.013043764901915111 0.0002516572708937681
0.008350381661485218 -0.013277522891020951 -0.00017762778628943598
0.008463194177634567 -0.013492443667266138 -0.0003486902349507659
0.00849135769316272 -0.013580705820655459 -0.00022251774779510902
0.008704022571391419 -0.013656237613045893 -0.00021957546097861602
0.008767713407991734 -0.013677439721865942 -0.00031752183600958217
0.008944537439398853 -0.01377842693396214 -0.0002550739331840246
0.00898026285264348 -0.013802735154299181 -0.00015782062910063566
0.009086951124200708 -0.013595494730085006 0.00013333771995438504
0.009089590240434861 -0.013445235221547072 0.00012507776229758738
0.008988046334062853 -0.01340207932399469 0.0001118459223224122
0.00900712104183854 -0.013372453443081994 5.308359326353096e-05
0.009013057194427986 -0.013378287529040231 5.799880121942769e-05
0.009004192316102479 -0.013411685097042603 0.00011621710052506229
0.008998256163513033 -0.013405851011084366 0.00011130189256916556
0.008975359021769151 -0.013434514006529244 0.00016934964367051886
0.008993700054325836 -0.013434136830063434 0.00015640268256500445
0.008893004061294445 -0.013348024333407246 0.0001940279424861857
0.008479139776076693 -0.01294913633314014 0.0004657522624127164
0.008430443130429066 -0.012979323497842268 0.0003967620348482581
0.008362526881426968 -0.013196139144760116 0.00010210760229767413
0.008379939570517539 -0.013234811829596974 6.354401058472625e-05
0.008532485502986742 -0.013292438795068778 7.18738202217517e-05
0.008565916866079236 -0.013373078492914164 9.69557780886865e-05
0.008674864480875837 -0.013574470403585323 -9.59547465395616e-05
0.008764625515599728 -0.013584411955595191 -0.00016551263856814935
0.008812343024577202 -0.013687170401946391 -0.00025436046594837225
0.00881439289736135 -0.013701544648998837 -0.00015942704829532972
0.00896182295960065 -0.013545167656436874 0.00018962095431385162
0.008948143097491174 -0.013506446217282822 0.00023581056027369152
0.008897390241632643 -0.013484691762288073 0.00022920598463180286
0.008897390241632643 -0.013484691762288073 0.00022920598463180286
0.008903857258498502 -0.013472511165881468 0.00020621832536588114
0.00890392718782839 -0.013472535926090018 0.00020620907743990058
0.008904243184124166 -0.013461757441609587 0.00018951458850782754
0.008821068034675285 -0.013325487931071148 0.00020940861562807056
0.008567580785423343 -0.013070078248853895 0.0003940348573739372
0.008567601257713359 -0.013070073169274027 0.00039403288476508314
0.008583336739606068 -0.01305413794744674 0.0003590748638243879
0.008587885877540953 -0.013029296068518978 0.00017030848994126213
0.008489334335998563 -0.013165147013300113 -1.015891268893454e-05
0.008491687491013047 -0.013312731005790196 0.0001270547409677747
0.00854069178287449 -0.013332621259929026 0.00011209804374556764
0.008686401647596396 -0.013398353160598592 -9.349685994949897e-05
0.008696505092089149 -0.013411043573759232 -0.00010285178569979792
0.00876680930841147 -0.013520200911830857 -0.00019354709687777194
0.008819810309479606 -0.013500285270908116 -7.846327757271565e-06
0.008819709941673366 -0.01350382716460255 -2.361615372203918e-06
0.008807150395311013 -0.013499350972963564 0.00010515202170127691
0.008814539477007305 -0.013415601395256813 0.0001935031566724088
0.008858600112643993 -0.013321483676917031 1.8713238661649534e-05
0.008825026422395028 -0.013272167766441759 7.365429724667805e-05
0.008719131346859144 -0.013109996468477075 0.00032503149619175775
0.008686400576028729 -0.013084276581207671 0.0003396532650110362
