8.710341 0.056720 -0.558572 
8.681937 0.052122 -0.558572 
8.681937 0.052122 -0.558572 
8.696133 0.054419 -0.558572 
8.529478 0.091254 -0.558496 
8.557631 0.095889 0.324616 
8.614838 0.083564 -1.392506 
8.600110 0.081262 -1.381775 
8.600110 0.081262 -1.381775 
8.381957 0.521203 -1.381761 
8.381957 0.521203 -1.381761 
8.643731 0.088177 -1.392431 
8.643731 0.088177 0.299248 
8.585993 0.078955 -0.582100 
8.585993 0.078955 -0.582100 
8.572488 0.076652 -0.582035 
8.627125 0.064416 -0.582149 
8.627725 0.064427 0.307993 
8.627725 0.064427 0.307993 
8.640674 0.066707 0.307858 
8.528880 0.091266 0.333438 
8.542353 0.093599 -0.558585 
8.654237 0.069007 -0.582277 
8.654237 0.069007 -0.582277 
8.542353 0.093599 -0.558585 
8.542353 0.093599 -0.558585 
8.654237 0.069007 -0.582277 
8.683799 0.073633 0.299028 
8.628979 0.085875 0.299170 
8.585993 0.078955 0.307979 
8.528880 0.091266 0.333438 
8.528880 0.091266 -0.568251 
8.640674 0.066707 -0.568250 
8.641875 0.066723 0.333534 
8.641875 0.066723 0.333534 
8.655437 0.069018 0.324616 
8.600709 0.081257 0.299170 
8.558396 0.074355 -0.582035 
8.501375 0.086633 -0.558496 
8.339631 0.535341 0.324688 
8.339631 0.535341 0.324688 
8.529478 0.091254 0.333486 
8.529478 0.091254 0.333486 
8.529478 0.091254 0.333486 
8.529478 0.091254 0.333486 
8.529478 0.091254 0.333486 
8.529478 0.091254 0.333486 
8.529478 0.091254 0.333486 
8.585833 0.100536 0.324616 
8.585833 0.100536 0.324616 
8.529478 0.091254 -0.558496 
8.529478 0.091254 -0.558496 
8.515420 0.088942 -0.558496 
8.515420 0.088942 -0.558496 
8.339631 0.535341 0.324688 
8.339631 0.535341 0.324688 
8.515420 0.088942 -0.558496 
8.515420 0.088942 -0.558496 
8.530077 0.091242 0.333534 
8.530077 0.091242 0.333534 
8.544147 0.093555 -0.568141 
8.544147 0.093555 -0.568141 
8.528880 0.091266 -0.558541 
8.528880 0.091266 -0.558541 
8.528880 0.091266 -0.558541 
8.528880 0.091266 -0.558541 
8.557631 0.095889 0.324616 
8.557631 0.095889 0.324616 
8.557631 0.095889 0.324616 
8.557631 0.095889 0.324616 
8.557631 0.095889 0.324616 
8.557631 0.095889 0.324616 
8.557631 0.095889 0.324616 
8.557631 0.095889 0.324616 
8.557631 0.095889 0.324616 
8.557631 0.095889 0.324616 
8.557631 0.095889 0.324616 
8.557631 0.095889 0.324616 
8.557631 0.095889 0.324616 
8.557631 0.095889 0.324616 
8.557631 0.095889 0.324616 
8.557631 0.095889 0.324616 
8.557631 0.095889 0.324616 
8.557631 0.095889 0.324616 
8.557631 0.095889 0.324616 
8.557631 0.095889 0.324616 
8.557631 0.095889 0.324616 
8.557631 0.095889 0.324616 
8.557631 0.095889 0.324616 
8.557631 0.095889 0.324616 
8.614838 0.083564 -1.392506 
8.614838 0.083564 -1.392506 
8.614838 0.083564 -1.392506 
8.614838 0.083565 0.299170 
8.614838 0.083565 0.299170 
8.614838 0.083565 0.299170 
8.614838 0.083565 0.299170 
8.614838 0.083565 0.299170 
8.614838 0.083565 0.299170 
8.669611 0.071323 0.299028 
8.669611 0.071323 0.299028 
8.669611 0.071323 0.299028 
8.669611 0.071323 0.299028 
8.557631 0.095889 0.299029 
8.557631 0.095889 0.299029 
8.669611 0.071323 0.299028 
8.669611 0.071323 0.299028 
8.669611 0.071323 0.324616 
8.669611 0.071323 0.324616 
8.669611 0.071323 -1.370039 
8.684980 0.069797 -0.468597 
8.684980 0.069797 -0.468597 
8.627125 0.064416 -1.359254 
8.627125 0.064416 0.333486 
8.641275 0.066715 0.333486 
8.641275 0.066715 0.307926 
8.683799 0.073633 0.299028 
8.683799 0.073633 0.324616 
8.421789 0.510994 -0.562032 
8.421789 0.510994 -0.562032 
8.669611 0.071323 0.324616 
8.669611 0.071323 0.324616 
8.640674 0.066707 -0.568250 
8.528880 0.091266 -0.591952 
8.353070 0.537872 0.299041 
8.464737 0.514637 0.299040 
8.654837 0.069012 0.307858 
8.654837 0.069012 0.307858 
8.655437 0.069018 0.299028 
8.655437 0.069018 0.324616 
8.655437 0.069018 0.324616 
8.600709 0.081257 0.299170 
8.600709 0.081257 0.299170 
8.655437 0.069018 0.324616 
8.627125 0.064416 -0.558496 
8.627125 0.064416 -0.558496 
8.640674 0.066707 0.324557 
8.528880 0.091266 0.324558 
8.528880 0.091266 0.324558 
8.640674 0.066707 0.324557 
8.625946 0.068231 -0.552357 
8.625946 0.068231 -0.552357 
8.627125 0.064416 -0.558496 
8.627125 0.064416 -0.558496 
8.422380 0.507137 0.333499 
8.422380 0.507137 0.333499 
8.641275 0.066715 0.333486 
8.641275 0.066715 0.333486 
8.640095 0.070536 -0.552357 
8.640095 0.070536 -0.552357 
8.640095 0.070536 -0.552357 
8.640095 0.070536 -0.552357 
8.640095 0.070536 -0.552357 
8.640095 0.070536 -0.552357 
8.669611 0.071324 1.231023 
8.669611 0.071324 1.231023 
8.627125 0.064416 -0.558496 
8.572488 0.076652 -0.582035 
8.572488 0.076652 -0.582035 
8.627125 0.064416 -0.558496 
8.641275 0.066715 -0.558496 
8.641275 0.066715 -0.558496 
8.626524 0.064405 -0.558540 
8.626524 0.064405 -0.558540 
8.626524 0.064405 -0.558540 
8.626524 0.064405 -0.558540 
8.626524 0.064405 -0.558540 
8.626524 0.064405 -0.582213 
8.640674 0.066707 -0.582213 
8.640674 0.066707 -0.582213 
8.669611 0.071324 1.203456 
8.614838 0.083565 1.203606 
8.614838 0.083565 1.203606 
8.557631 0.095889 1.203457 
8.557631 0.095889 1.203457 
8.557631 0.095889 1.231024 
8.529478 0.091254 0.333486 
8.529478 0.091254 0.333486 
8.310989 0.530335 0.333500 
8.422380 0.507137 0.333499 
8.422380 0.507137 0.333499 
8.367896 0.518709 0.308059 
8.396030 0.523707 0.308059 
8.396030 0.523707 0.308059 
8.600709 0.081257 0.308047 
8.600709 0.081257 0.308047 
8.410115 0.526212 0.299182 
8.410115 0.526212 0.299182 
8.600709 0.081257 1.211604 
8.543549 0.093570 1.239016 
8.543549 0.093570 0.333486 
8.600709 0.081257 0.333569 
8.585993 0.078955 0.333521 
8.640674 0.066707 0.333438 
8.655437 0.069018 0.324616 
8.655437 0.069018 -1.392641 
8.640095 0.070536 -2.266114 
8.640095 0.070536 -2.266114 
8.683799 0.073632 -1.392641 
8.683799 0.073633 0.324616 
8.683799 0.073633 0.324616 
8.683799 0.073633 0.324616 
8.435883 0.509627 0.324570 
8.435883 0.509627 0.298962 
8.627125 0.064416 -0.582149 
8.627125 0.064416 -0.582149 
8.627125 0.064416 -0.582149 
8.627125 0.064416 -0.558496 
8.656037 0.069023 -0.568141 
8.656037 0.069023 -0.591802 
8.669611 0.071323 0.307926 
8.669611 0.071323 0.307926 
8.669611 0.071323 0.307926 
8.614838 0.083564 -1.381711 
8.614838 0.083564 -1.381711 
8.614838 0.083564 -1.381711 
8.614239 0.083572 -1.381775 
8.669012 0.071321 0.333438 
8.436487 0.509634 0.333499 
8.436487 0.509634 0.333499 
8.627125 0.064416 -0.558496 
8.569884 0.076725 -0.558572 
8.569884 0.076725 -0.558572 
8.627125 0.064416 -0.582149 
8.626524 0.064405 0.307858 
8.626524 0.064405 0.307858 
8.435883 0.509627 0.307870 
8.325004 0.532844 0.333500 
8.655437 0.069018 0.333486 
8.627125 0.064416 -0.568195 
8.572488 0.076652 -0.591743 
8.628979 0.085875 0.299170 
8.628979 0.085875 0.299170 
8.200525 -0.772305 0.344605 
8.200525 -0.772305 0.344605 
8.654837 0.069012 -1.381890 
8.844204 -0.373493 -1.381922 
8.844204 -0.373493 -1.381922 
8.626524 0.064405 -2.272021 
8.626524 0.064405 -2.272021 
8.627125 0.064416 -2.271961 
8.641275 0.066715 0.333486 
8.601308 0.081253 -0.591669 
8.557796 0.074351 0.316837 
8.641275 0.066715 0.333486 
8.817705 -0.356364 0.307985 
8.817705 -0.356364 0.307985 
8.436487 0.509634 0.324629 
8.436487 0.509634 0.324629 
8.654837 0.069012 -0.568250 
8.872626 -0.369268 0.324564 
8.872626 -0.369268 0.324564 
8.872626 -0.369268 0.324564 
8.669012 0.071321 -1.381890 
8.726563 0.058986 0.333521 
8.916069 -0.384359 0.333528 
8.916069 -0.384359 0.333528 
8.479632 0.495513 0.333581 
8.422380 0.507134 -1.381873 
8.450606 0.512131 -1.392690 
8.669611 0.071323 -1.392641 
8.669611 0.071323 -1.392641 
8.215167 -0.770347 1.983939 
8.557631 0.095889 0.333486 
8.858409 -0.371382 0.324564 
8.515420 0.088942 -0.582149 
8.669611 0.071324 1.211475 
8.614838 0.083564 -1.381711 
8.585993 0.078955 -1.381775 
8.614838 0.083564 -1.392506 
8.614838 0.083564 -1.392506 
8.614838 0.083564 -1.392506 
8.614838 0.083564 -1.392506 
8.396030 0.523705 -1.392557 
8.586592 0.078953 -2.283466 
8.600110 0.081262 -1.381775 
8.572488 0.076652 -2.271853 
8.396030 0.523705 -1.392557 
8.396030 0.523705 -1.392557 
8.396030 0.523705 -1.392557 
8.396030 0.523705 -1.392557 
8.396030 0.523705 -1.392557 
8.396030 0.523705 -1.392557 
8.507951 0.500487 0.324731 
8.449966 0.505528 -1.404225 
8.657440 0.068958 -2.283409 
8.438477 0.509580 -1.381707 
8.493181 0.497979 -1.359267 
8.479027 0.495491 -1.359267 
8.423726 0.500492 -1.370719 
8.642595 0.059914 -2.274611 
8.585323 0.072222 -0.579585 
8.556522 0.067618 -0.569922 
8.556522 0.067618 -0.569922 
8.556522 0.067618 -0.569922 
8.559799 0.074286 -0.581935 
8.583318 0.072302 -0.593667 
8.582719 0.072304 -0.603506 
8.580115 0.072387 -0.603772 
8.679262 0.080539 0.309608 
8.170339 -0.747649 0.320920 
7.920685 -0.312028 0.329753 
7.920685 -0.312028 0.329753 
8.114372 -0.755558 -0.559732 
8.062974 -0.742066 -0.535713 
8.076903 -0.740101 -0.535713 
8.648526 0.086873 -0.500356 
8.631586 0.085763 0.350456 
8.630920 0.079026 0.288307 
8.369255 0.512054 0.297105 
8.366661 0.512126 0.296863 
8.396002 0.517116 0.288115 
8.447975 0.505590 0.287692 
8.666331 0.064635 0.296557 
9.059413 0.916171 -1.371178 
9.059413 0.916171 -1.371178 
9.059413 0.916171 -1.371178 
9.245579 0.473316 -2.275137 
8.859126 -0.364483 -2.251203 
8.641355 0.073457 -2.251156 
8.587333 0.092422 -0.545292 
8.587333 0.092422 -0.545292 
8.647243 0.080117 -0.568568 
8.153955 -0.755724 2.884677 
8.604497 0.077332 2.833245 
8.575092 0.076580 1.049029 
8.626442 0.057668 -0.579626 
8.639994 0.059957 -0.569953 
8.471290 0.096895 -0.593731 
8.471290 0.096895 -0.593731 
8.580784 0.079121 -0.558768 
8.580784 0.079121 -0.558768 
8.580784 0.079121 -0.558768 
8.682467 0.080463 0.335622 
8.618779 0.096934 1.253097 
8.647161 0.073376 0.336185 
8.441714 0.516139 0.344923 
8.442317 0.516145 0.344971 
8.512154 0.082337 0.296557 
8.526213 0.084658 -0.593780 
8.638672 0.066760 -0.558648 
8.638672 0.066760 -0.558648 
8.640594 0.059966 -0.593553 
8.131429 -0.774316 -0.569886 
8.364622 -1.209984 0.313577 
8.878568 -0.362497 0.310668 
8.675498 0.077948 0.310741 
8.221123 -0.763643 1.988052 
8.205753 -0.772442 1.956160 
8.219802 -0.770506 1.956160 
8.698823 0.061162 -0.547050 
8.572560 0.083383 -0.570695 
8.393433 0.523801 0.324526 
8.447372 0.505585 0.313270 
8.666331 0.064635 0.322185 
8.608960 0.077033 0.322103 
8.608960 0.077033 0.322103 
8.611566 0.076931 0.322267 
8.569812 0.069994 0.322315 
8.172930 -0.783048 1.973250 
8.172334 -0.783058 1.973199 
8.518026 0.088831 0.308168 
8.531487 0.091145 0.308100 
8.531487 0.091145 0.308100 
8.573738 0.098080 0.308100 
8.573738 0.098080 0.308100 
8.734125 -0.347741 0.308038 
8.846937 -0.366649 0.319167 
8.643377 0.077240 -0.574096 
8.640774 0.077286 -0.550635 
8.641355 0.073457 -0.547127 
8.641355 0.073457 -0.547127 
8.613070 0.068853 -0.547127 
8.100993 -0.771291 -0.582380 
7.950438 -0.321205 0.298892 
8.406891 0.519724 -1.404362 
8.568613 0.069992 -1.393521 
8.625842 0.057657 0.322302 
8.612904 0.055387 0.322397 
8.558322 0.067628 -1.393165 
8.571816 0.069921 -1.393228 
8.572488 0.076652 0.308047 
8.367904 0.522563 -0.575831 
8.479648 0.499389 -2.245358 
8.727164 0.058999 -1.359177 
8.217783 -0.770427 0.344820 
7.981889 -0.331957 0.344747 
8.439119 0.516183 0.319242 
8.439119 0.516183 0.319242 
8.381985 0.527794 0.319121 
8.615504 0.090301 0.319175 
8.629644 0.092613 0.310315 
8.142927 -0.765402 1.238976 
8.557815 0.078176 -0.575873 
8.410717 0.526204 0.299260 
8.410717 0.526204 0.299260 
8.382587 0.527791 0.319189 
8.644394 0.094916 0.310393 
8.644394 0.094916 0.335932 
8.396659 0.530294 0.335887 
8.396659 0.530294 0.335887 
8.396659 0.530294 0.335887 
8.396659 0.530294 0.310328 
8.573160 0.083383 -0.570630 
8.573160 0.083383 -0.570630 
8.601377 0.087992 0.310315 
8.546156 0.093439 0.299311 
8.546156 0.093439 0.299311 
8.516781 0.085938 -2.277628 
8.450569 0.505533 -1.381579 
8.682542 0.070714 -3.159699 
8.683216 0.077469 -1.451631 
8.858409 -0.371382 -0.568262 
8.858409 -0.371382 -0.568262 
8.858409 -0.371382 -0.568262 
8.461105 -1.226396 -0.557043 
8.019499 -0.347077 0.344497 
8.422420 0.513728 0.344588 
8.656116 0.075769 0.344623 
8.656116 0.075769 0.370249 
8.451245 0.518736 0.361438 
8.050760 -0.342801 0.335879 
8.258178 -0.786022 0.335904 
8.658040 0.068964 -1.369846 
8.658040 0.068964 -2.251180 
8.658040 0.068964 -0.558343 
8.672215 0.071259 0.333652 
8.160140 -0.763564 0.333598 
8.160140 -0.763564 0.333598 
8.668935 0.064570 -1.370781 
8.668935 0.064570 -1.381585 
8.557631 0.095889 0.299029 
8.571726 0.098211 1.203457 
8.571726 0.098211 1.203457 
8.585833 0.100536 0.299029 
8.753724 0.070416 0.335666 
9.012535 -0.354931 0.383483 
9.012535 -0.354931 0.383483 
9.299518 -0.778880 0.389725 
9.931621 0.043482 0.386597 
9.634143 0.475138 0.383548 
9.024903 -0.327176 0.395404 
9.049459 -0.319079 0.401356 
9.556826 0.507158 -1.295736 
9.786900 0.070912 -0.383458 
9.396067 -0.781984 1.310385 
9.409448 -0.776254 1.316672 
9.409448 -0.776254 1.316672 
9.439747 -0.772359 1.316755 
9.825538 0.081926 1.250574 
9.867503 0.067358 1.277959 
10.024518 -0.382362 1.271739 
9.965317 -0.369415 -0.408404 
9.751094 0.066523 -0.408396 
9.362985 -0.785760 1.282614 
9.289987 -0.799276 1.276185 
9.234240 -0.785655 1.331437 
9.032916 -0.350176 0.414290 
9.423041 0.498545 -1.285400 
8.880328 -0.355752 -0.492791 
8.421695 -1.210462 1.057339 
9.127828 -0.806040 -0.637250 
9.869154 -0.029022 -2.339766 
9.869175 0.005966 -3.980935 
9.848541 0.007572 -4.842750 
9.252045 0.963465 -11.590318 
8.711733 1.823870 -12.389919 
9.109912 2.667237 -14.203244 
10.350018 4.279272 -13.456470 
9.790666 3.553467 -11.470140 
9.460374 3.926951 -12.239797 
10.526510 5.553547 -13.979232 
10.344431 5.962268 -13.262473 
10.344431 5.962268 -13.262473 
10.344427 5.915548 -14.039855 
10.344427 5.915548 -14.039855 
10.376259 5.863291 -13.337339 
10.422960 6.037620 -11.113631 
10.207068 6.406541 -11.905187 
10.110695 6.477136 -10.002823 
10.035813 6.382742 -9.983720 
10.492970 7.214384 -11.549926 
10.675923 6.702687 -11.651958 
10.755672 6.784540 -9.748681 
10.726413 6.683778 -9.068988 
10.948234 7.510111 -8.905090 
11.226740 7.077879 -7.967972 
11.183398 6.958417 -8.813527 
11.210822 7.050700 -8.600026 
11.513786 6.215714 -7.684225 
11.215436 6.481530 -6.034486 
11.553283 7.293248 -7.435998 
11.759610 6.797371 -6.809757 
11.759610 6.797371 -6.809757 
11.759610 6.797371 -6.809757 
11.759610 6.797371 -6.809757 
11.759610 6.797371 -6.809757 
11.759610 6.797371 -6.809757 
11.759610 6.797371 -6.809757 
11.759610 6.797371 -6.809757 
11.759610 6.797371 -6.809757 
11.759610 6.797371 -6.809757 
11.759610 6.797371 -6.809757 
11.759610 6.797371 -6.809757 
11.759610 6.797371 -6.809757 
11.759610 6.797371 -6.809757 
11.759610 6.797371 -6.809757 
11.759610 6.797371 -6.809757 
11.759610 6.797371 -6.809757 
11.759610 6.797371 -6.809757 
11.759610 6.797371 -6.809757 
9.263929 0.550986 -1.015913 
9.355009 2.218468 -2.164761 
9.160080 2.235366 -2.348989 
9.293067 1.924730 -1.940154 
9.203349 2.111723 -0.987853 
9.130604 1.946240 -0.916057 
8.843252 1.831635 -0.594125 
8.623995 1.808761 -1.447958 
8.874704 1.520112 -0.439147 
8.797534 1.707625 0.438077 
8.832410 1.380303 0.179784 
9.405963 1.803451 -0.390854 
9.433402 1.986086 0.472722 
9.465103 1.768706 1.050135 
9.883875 2.516328 1.365535 
10.107276 1.869614 1.321517 
10.430543 2.476809 1.619768 
10.254074 2.474946 2.584938 
10.157686 2.334420 3.359124 
10.222376 2.398214 3.256661 
10.108802 2.971965 2.663698 
9.988220 2.775527 2.419507 
9.949322 2.403590 1.885336 
9.949322 2.403590 1.885336 
9.665531 2.276757 1.146740 
9.665531 2.276757 1.146740 
9.815303 1.827361 1.320810 
9.621058 1.646919 1.055877 
10.194650 0.620308 0.879135 
10.194650 0.620308 0.879135 
10.194650 0.620308 0.879135 
9.946402 3.008987 6.764075 
9.912715 3.276254 7.712289 
9.681375 3.311365 8.236338 
9.444860 3.401592 9.569035 
9.315806 1.575510 8.913924 
9.182872 1.480269 8.396518 
9.029948 1.833898 9.187833 
8.336758 2.551258 10.276470 
8.558573 2.294300 10.665506 
8.558573 2.294300 10.665506 
8.558573 2.294300 10.665506 
8.944914 1.945677 11.504850 
8.664426 2.018370 11.446174 
8.788290 2.502123 12.741561 
7.972049 3.192800 13.406156 
7.951448 3.363446 13.659921 
7.790606 3.282951 13.658710 
7.586872 3.286402 14.095782 
7.178147 2.876281 14.971783 
7.805807 2.479049 14.740016 
7.805807 2.479049 14.740016 
7.727273 2.356547 14.852408 
8.061068 2.810869 15.208952 
8.061068 2.810869 15.208952 
8.309722 3.116817 15.215105 
8.050334 2.835220 15.437827 
7.778207 2.841964 16.182088 
7.346708 3.444252 15.233967 
7.259573 3.600602 15.616800 
7.259573 3.600602 15.616800 
7.259573 3.600602 15.616800 
7.259573 3.600602 15.616800 
6.328284 3.544854 16.182225 
6.328284 3.544854 16.182225 
5.630375 3.325391 16.623002 
5.630375 3.325391 16.623002 
4.829711 3.084305 16.995821 
4.829711 3.084305 16.995821 
4.423743 3.116225 17.343303 
4.472452 3.441495 17.356849 
4.051763 3.458268 17.505399 
3.936018 3.632138 17.827785 
3.709928 3.785048 17.805592 
12.230164 -0.391290 18.293159 
12.435906 0.050122 18.375368 
8.541775 2.704472 18.058380 
8.204515 2.850359 17.965980 
9.584685 3.267056 17.244226 
9.677535 2.365393 17.086628 
8.804943 2.310953 16.877922 
10.677572 1.435304 17.423987 
9.638432 1.159193 17.532289 
10.898434 0.615269 18.168997 
10.678568 0.338319 18.033192 
10.275297 0.505439 17.796493 
9.343263 1.165395 16.545477 
9.926537 1.792893 16.451535 
9.926537 1.792893 16.451535 
9.469820 1.956359 16.259369 
9.469820 1.956359 16.259369 
8.721194 2.335877 16.615494 
7.798409 2.290454 16.637036 
6.846965 2.240649 16.712818 
6.846965 2.240649 16.712818 
5.863321 2.185747 16.621320 
5.940346 2.645527 16.526837 
4.828330 2.575028 16.624199 
4.828330 2.575028 16.624199 
4.342816 2.786084 16.719449 
4.342816 2.786084 16.719449 
3.068295 2.717901 16.726935 
3.068295 2.717901 16.726935 
3.068295 2.717901 16.726935 
-1.559719 2.091009 16.938484 
-3.182279 1.922555 17.240863 
-3.182279 1.922555 17.240863 
-5.065947 1.703825 17.277300 
-5.065947 1.703825 17.277300 
-6.939907 1.443103 17.130287 
-6.939907 1.443103 17.130287 
-8.652330 1.151847 17.190268 
-8.652330 1.151847 17.190268 
-10.616603 0.796741 17.188924 
-11.373130 0.831620 17.380663 
-11.115938 1.252578 17.360406 
-13.406107 0.469364 17.421165 
-13.790520 0.474508 17.665697 
-13.790520 0.474508 17.665697 
-13.712631 0.490191 17.484843 
-12.268648 0.919914 17.327750 
-12.268648 0.919914 17.327750 
-12.986645 0.498816 17.456549 
-12.887390 0.465333 17.334406 
-12.226819 0.461705 17.540157 
-11.182344 0.039177 17.740673 
-11.182344 0.039177 17.740673 
-8.024711 0.788151 17.521977 
-8.024711 0.788151 17.521977 
-6.775951 0.714688 17.575560 
-4.506206 0.993858 17.628966 
-4.506206 0.993858 17.628966 
-0.586450 1.915873 17.482967 
-0.586450 1.915873 17.482967 
1.200180 2.065708 17.433626 
3.204124 2.196731 17.312537 
3.204124 2.196731 17.312537 
4.722171 2.269433 17.296766 
4.722171 2.269433 17.296766 
6.837365 2.602345 17.386274 
8.801960 2.887096 17.235784 
8.801960 2.887096 17.235784 
9.344391 2.619663 17.151257 
9.344391 2.619663 17.151257 
10.356855 2.614670 16.887168 
11.433689 2.608843 16.687650 
12.360597 2.592810 16.782189 
9.521035 3.320726 18.165668 
10.790202 3.548673 18.077886 
9.527586 4.144429 17.566880 
10.672534 4.376563 17.227450 
10.161167 4.676691 16.748398 
9.201008 4.449510 16.372593 
9.131478 4.251093 15.969770 
9.131478 4.251093 15.969770 
8.739917 3.835802 16.075209 
8.567746 3.227249 15.803964 
8.635672 3.014437 15.636656 
9.237159 3.049822 15.469151 
9.237159 3.049822 15.469151 
9.206757 2.841924 15.359186 
9.206757 2.841924 15.359186 
9.575725 2.866522 15.361348 
9.575725 2.866522 15.361348 
10.405582 3.042427 175.067637 
10.939680 2.918735 15.067431 
10.939680 2.918735 15.067431 
10.650673 2.607560 14.793048 
10.650673 2.607560 14.793048 
10.592976 2.408727 14.766724 
7.079608 5.391469 14.755871 
5.567640 6.627146 14.602969 
6.236392 6.873093 14.094274 
7.026804 6.508044 15.433165 
8.110356 5.931631 16.408322 
8.110356 5.931631 16.408322 
7.900363 5.266233 16.061362 
9.121002 4.986497 17.066526 
9.580422 6.515788 14.993935 
9.605159 6.971706 15.653045 
10.091065 7.139886 15.807506 
10.333054 7.035966 15.429662 
10.668036 7.109675 15.114055 
10.684333 6.902243 14.329688 
10.847115 6.182716 13.996073 
10.817056 6.550248 14.230072 
10.857956 6.259863 13.612179 
10.009148 6.270897 12.271823 
9.710430 6.946585 11.623974 
10.116829 7.091273 10.780664 
10.111201 7.568309 11.241260 
12.303478 6.109207 10.144816 
12.549970 5.979630 10.071132 
12.527385 6.092705 8.749396 
12.313930 6.402413 5.647931 
12.206875 6.992630 5.820696 
11.900859 6.395183 6.829728 
12.148274 6.587132 7.215773 
12.713819 6.841747 5.244335 
13.040888 6.800149 5.748160 
13.276702 6.033809 6.045594 
13.278162 6.447948 6.717592 
13.287740 6.135795 6.344504 
13.165590 6.538780 6.001892 
13.068835 6.278428 4.924209 
13.641508 5.888893 4.613295 
13.393434 5.160841 4.773152 
13.004597 4.506401 3.611918 
12.757743 4.067795 2.847029 
13.428034 3.905001 2.361928 
13.343483 4.642981 2.268162 
13.442328 5.050255 1.531920 
13.133659 4.213061 0.533720 
13.240934 4.312639 0.534153 
13.393124 4.568070 1.129312 
13.813841 4.593054 -0.954785 
13.801778 4.987554 -0.704491 
13.639430 4.456762 0.153247 
13.053461 4.635418 -1.835187 
13.053461 4.635418 -1.835187 
13.053461 4.635418 -1.835187 
13.091873 5.445572 -1.904848 
13.091873 5.445572 -1.904848 
13.154129 5.654393 -2.007302 
13.154129 5.654393 -2.007302 
13.048752 6.198300 -1.781642 
13.048752 6.198300 -1.781642 
13.048752 6.198300 -1.781642 
13.048752 6.198300 -1.781642 
13.048752 6.198300 -1.781642 
13.048752 6.198300 -1.781642 
13.048752 6.198300 -1.781642 
13.048752 6.198300 -1.781642 
13.048752 6.198300 -1.781642 
13.048752 6.198300 -1.781642 
13.048752 6.198300 -1.781642 
13.048752 6.198300 -1.781642 
13.048752 6.198300 -1.781642 
13.048752 6.198300 -1.781642 
13.048752 6.198300 -1.781642 
13.048752 6.198300 -1.781642 
13.048752 6.198300 -1.781642 
13.048752 6.198300 -1.781642 
11.698265 0.360800 -14.039944 
11.698265 0.360800 -14.039944 
11.698265 0.360800 -14.039944 
11.698265 0.360800 -14.039944 
11.698265 0.360800 -14.039944 
11.698265 0.360800 -14.039944 
11.636013 0.035346 -16.228385 
11.636013 0.035346 -16.228385 
12.142281 0.646121 -14.689233 
12.142281 0.646121 -14.689233 
12.142281 0.646121 -14.689233 
12.142281 0.646121 -14.689233 
11.779499 7.802736 -14.912276 
12.421443 6.463067 -14.769974 
12.421443 6.463067 -14.769974 
12.943758 5.596409 -13.105833 
12.943758 5.596409 -13.105833 
12.943758 5.596409 -13.105833 
12.943758 5.596409 -13.105833 
12.943758 5.596409 -13.105833 
12.943758 5.596409 -13.105833 
12.943758 5.596409 -13.105833 
12.943758 5.596409 -13.105833 
12.943758 5.596409 -13.105833 
12.943758 5.596409 -13.105833 
12.943758 5.596409 -13.105833 
14.256617 3.638448 -11.593532 
15.189610 2.302685 -8.087163 
15.320336 2.277305 -8.112758 
15.320336 2.277305 -8.112758 
19.675792 -0.004815 -2.660433 
21.092466 -0.450246 1.756022 
21.092466 -0.450246 1.756022 
20.125232 -0.372360 0.915329 
20.125232 -0.372360 0.915329 
20.272558 -0.403314 0.893602 
20.272265 -0.403329 0.909862 
20.272265 -0.403329 0.909862 
20.538564 0.460980 0.855286 
20.538564 0.460980 0.855286 
20.538564 0.460980 0.855286 
20.538564 0.460980 0.855286 
20.322236 0.901639 -0.007649 
20.322236 0.901639 -0.007649 
20.340950 0.904244 -1.732647 
20.340950 0.904244 -1.732647 
20.302645 0.899006 0.864746 
20.302645 0.899006 0.864746 
19.927642 0.065939 0.864639 
19.927642 0.065939 -0.053201 
20.128219 -0.377390 1.762302 
20.128219 -0.377390 1.762302 
20.127366 -0.372416 0.864703 
20.124649 -0.372370 0.919328 
20.126376 -0.377330 0.893599 
20.129094 -0.377375 0.839035 
20.129676 -0.377364 0.843250 
20.273143 -0.403283 0.897764 
20.272558 -0.403314 0.893602 
20.500526 0.456090 1.769230 
20.519244 0.458529 1.765756 
20.519244 0.458529 1.765756 
20.321643 0.901623 -0.053152 
19.927936 0.065947 -1.684566 
19.946917 0.068272 -1.690386 
20.340654 0.904240 -1.690593 
20.360864 0.906881 -1.690406 
19.967084 0.070617 -0.057474 
19.947796 0.068291 -0.048256 
19.947796 0.068291 -0.048256 
20.129094 -0.377375 0.839035 
20.129094 -0.377375 0.839035 
19.966498 0.070608 0.844481 
20.110084 0.045768 0.899088 
20.090690 0.043422 -0.007941 
20.484610 0.881779 -0.007942 
20.503441 0.884390 -0.007942 
20.484312 0.881763 -0.003310 
19.946917 0.068272 -0.053089 
19.947796 0.068291 -0.052919 
19.947796 0.068291 -0.052919 
19.947210 0.068278 -0.057710 
19.947210 0.068278 -0.057710 
20.108944 -0.379549 0.846946 
20.108944 -0.379550 -0.776899 
20.128219 -0.377392 -0.787383 
20.128219 -0.377391 0.838853 
19.927056 0.065925 -0.048632 
19.927056 0.065925 -0.048632 
19.927056 0.065925 -0.048632 
19.927056 0.065925 -0.048632 
20.127657 -0.372410 0.860681 
20.127657 -0.372410 0.860681 
20.128802 -0.377380 0.851251 
20.128802 -0.377380 0.851251 
20.148091 -0.375227 0.847278 
20.291660 -0.401160 0.901800 
20.091278 0.043454 -0.003200 
19.948767 0.077045 1.584740 
19.948767 0.077045 1.584740 
19.947796 0.068291 -0.052919 
19.946917 0.068272 -0.053089 
20.107508 -0.374591 0.860430 
20.108944 -0.379549 0.846946 
20.108652 -0.379556 0.855075 
19.927642 0.065939 -0.039197 
19.927642 0.065939 -0.039197 
20.128219 -0.377391 0.838853 
20.129094 -0.377375 0.839035 
20.126376 -0.377330 0.893599 
20.124940 -0.372365 0.915298 
20.127657 -0.372410 0.860681 
20.129385 -0.377369 0.839096 
20.129385 -0.377369 0.893949 
20.128219 -0.377390 1.822172 
19.928522 0.065962 -1.690348 
20.108944 -0.379548 1.769153 
20.128219 -0.377391 0.838853 
20.128219 -0.377391 0.838853 
20.090395 0.043405 -0.003310 
20.290491 -0.401216 0.893478 
20.340950 0.904248 -0.057717 
20.340654 0.904242 -0.057776 
20.340654 0.904241 -0.007689 
20.519244 0.458527 -0.771606 
20.537689 0.466098 0.860692 
20.519833 0.458540 0.855286 
20.128511 -0.377385 0.855276 
20.128511 -0.377385 0.855276 
20.109258 -0.374551 -0.053033 
20.252625 -0.400502 -0.003273 
20.271681 -0.403359 1.821913 
20.090395 0.043405 -0.003310 
19.944211 0.068308 -0.003310 
20.105958 -0.374529 0.919328 
20.252040 -0.400535 0.919331 
20.090690 0.043422 -0.007941 
20.127657 -0.372410 0.860681 
20.127657 -0.372411 0.915527 
19.966205 0.070603 -0.012263 
19.966205 0.070603 -0.062335 
20.129094 -0.377374 1.762465 
20.147508 -0.375235 0.851251 
20.129385 -0.377369 0.839096 
20.108944 -0.379548 1.769153 
20.108944 -0.379548 1.769153 
19.965912 0.070598 -0.057710 
19.965912 0.070598 -0.057710 
19.947796 0.068291 -0.052919 
19.947796 0.068291 -0.052919 
20.128219 -0.377391 0.838853 
20.128219 -0.377391 0.838853 
19.946917 0.068272 -0.057769 
19.946917 0.068272 -0.057769 
20.146635 -0.375248 0.851092 
20.147237 -0.370248 0.844498 
20.127928 -0.377396 1.765728 
19.947210 0.068278 -0.007648 
19.947210 0.068278 -0.057710 
19.946917 0.068272 -0.053089 
19.946917 0.068272 -0.053089 
20.146654 -0.370256 0.856655 
20.290229 -0.396214 0.911268 
20.290783 -0.401202 0.905766 
20.290783 -0.401202 0.905766 
20.109496 0.045738 -0.007941 
20.109496 0.045738 -0.007941 
20.271713 -0.398344 0.903155 
20.113933 -0.354319 0.920320 
20.094355 -0.361539 0.922969 
20.133485 -0.357088 0.906507 
20.139923 -0.348309 0.860909 
19.942676 0.103410 -0.020715 
19.961367 0.105770 0.892456 
19.963880 0.079397 0.920506 
19.945181 0.077064 0.920506 
20.106940 -0.370627 0.918989 
19.945474 0.077070 0.001680 
19.945474 0.077070 0.001680 
20.126524 -0.363460 0.912460 
20.126524 -0.363460 0.912460 
20.126213 -0.368456 0.906839 
20.106940 -0.370627 0.918989 
20.106940 -0.370627 0.918989 
20.106940 -0.370627 0.918989 
20.126213 -0.368455 1.834310 
20.126213 -0.368455 1.834310 
20.145208 -0.366291 1.830888 
20.145208 -0.366291 1.830888 
19.945181 0.077064 0.924563 
19.945181 0.077064 0.924563 
19.926790 0.074741 0.010989 
19.926790 0.074741 0.010989 
19.926790 0.074741 0.010989 
19.926790 0.074741 0.010989 
19.926790 0.074741 0.010989 
19.926790 0.074741 0.010989 
19.932959 0.057162 -1.729823 
19.932959 0.057162 -1.729823 
19.928522 0.065962 -1.720692 
19.924084 0.074768 -0.039590 
19.924084 0.074768 -0.039590 
20.062080 0.049701 -1.669910 
20.062080 0.049701 -1.669910 
20.063074 0.058491 0.019581 
20.063074 0.058491 0.019581 
19.921378 0.074796 0.010484 
19.928522 0.065962 -0.048363 
19.928522 0.065962 -0.048363 
19.532613 -0.780223 0.001892 
19.532613 -0.780223 0.001892 
20.078011 0.023693 -0.017065 
20.078011 0.023693 -0.017065 
19.936418 0.039618 -0.075493 
19.936418 0.039618 -0.075493 
20.078011 0.023693 -0.017065 
20.257540 -0.418295 0.901351 
20.257540 -0.418295 0.901351 
20.248448 -0.400626 0.859724 
20.287775 -0.401237 0.850350 
20.269842 -0.403344 0.838118 
20.269842 -0.403344 0.838118 
20.487400 0.899129 0.011421 
20.099683 0.043597 -0.006944 
20.260183 -0.400409 0.919957 
20.113102 -0.383524 0.910678 
20.093546 -0.385672 0.910595 
20.093546 -0.385672 0.910595 
20.113080 -0.388515 0.901108 
20.113080 -0.388515 0.901108 
20.132650 -0.386372 0.885084 
20.187896 0.909651 -1.753437 
19.936093 0.068420 -0.059538 
19.936093 0.068420 0.859148 
20.117349 -0.377205 0.857864 
20.130517 -0.359596 0.873797 
19.950325 0.085812 -0.038278 
20.347792 0.895561 -0.770132 
20.366821 0.898150 -1.705483 
20.366821 0.898150 -1.705483 
20.348089 0.895569 -1.699670 
20.331038 0.887085 -1.753801 
20.528261 0.443586 -0.855022 
20.279627 -0.401296 2.525807 
20.079287 0.043231 1.631128 
19.790388 0.093499 -1.728319 
19.752946 0.088759 -0.804226 
20.047830 0.047408 0.872810 
20.047830 0.047408 0.872810 
20.303575 0.907612 -0.793345 
20.520200 0.467283 -0.819535 
20.520200 0.467283 -0.819535 
20.323163 0.910248 -1.722713 
20.323163 0.910248 -1.722713 
20.342468 0.912872 -1.716734 
19.958619 0.068156 -0.051223 
20.318937 -0.815225 1.764167 
20.458592 -0.851044 1.813914 
20.458301 -0.851059 1.817290 
20.458301 -0.851059 1.817290 
20.277953 -0.407222 0.906673 
20.654948 0.422390 -0.780993 
20.477045 0.864355 -0.781030 
19.936093 0.068420 0.859148 
20.136345 -0.375014 0.849603 
19.990827 -0.348827 0.849600 
19.990538 -0.348821 0.853709 
20.139771 -0.366177 0.918623 
20.300578 -0.805816 1.833992 
20.300578 -0.805816 1.833992 
20.102088 -0.370539 1.833820 
20.102088 -0.370539 1.833820 
19.939475 0.077132 0.005720 
20.101910 0.052348 0.007362 
20.672498 0.440206 -0.713614 
20.672498 0.440206 -0.713614 
20.635735 0.430304 0.213253 
19.537186 -0.780315 0.920199 
19.929374 0.057163 0.855748 
20.129351 -0.386340 0.846246 
20.121200 -0.386206 0.900229 
19.940242 0.059583 -0.003850 
19.934832 0.059657 -0.054898 
20.117222 -0.386085 0.827907 
20.261695 -0.403432 0.892370 
20.459082 -0.840121 1.824550 
20.318254 -0.812839 1.764725 
20.119506 -0.372271 0.859543 
20.119506 -0.372271 0.859543 
20.120088 -0.372261 -0.058980 
20.120088 -0.372261 -0.058980 
20.120067 -0.377252 1.764590 
20.120067 -0.377252 1.764590 
19.939971 0.068406 -0.054130 
19.957179 0.076947 0.007546 
19.956299 0.076929 0.002857 
19.955327 0.068176 -0.056378 
19.955033 0.068170 -0.056437 
19.949622 0.068237 -0.057326 
20.130645 -0.377441 0.851493 
20.515587 0.449805 0.841434 
20.337930 0.895670 -0.067639 
19.941415 0.059608 -0.068072 
20.122365 -0.386184 0.841187 
20.120649 -0.377242 0.850054 
20.139645 -0.375063 0.833488 
20.285935 -0.401215 0.888850 
20.285935 -0.401215 0.888850 
20.285935 -0.401215 0.888850 
20.266542 -0.403405 0.909377 
20.266542 -0.403405 0.909377 
20.266250 -0.403420 1.821384 
20.668561 0.435037 0.147144 
20.649444 0.432605 0.156363 
20.649444 0.432605 0.156363 
20.648875 0.437727 -0.755673 
20.114107 -0.374633 0.865424 
20.130645 -0.377441 0.906194 
20.130645 -0.377441 0.906194 
20.483364 0.873111 -0.770986 
20.483364 0.873111 -0.776267 
19.940535 0.059589 -0.776413 
20.708664 0.014370 -0.828919 
20.708664 0.014370 -0.828919 
20.513182 0.449843 -0.834233 
20.122784 -0.377300 0.901386 
20.121932 -0.372324 0.915040 
20.121932 -0.372324 0.915040 
20.308766 -0.805992 3.459828 
19.909944 0.072373 2.556661 
